5 0.51611328125 0.7860107421875 0.1234130859375 0.121856689453125
1 0.560791015625 0.242095947265625 0.176971435546875 0.17449951171875
0 0.65380859375 0.510986328125 0.136138916015625 0.13348388671875
4 0.33447265625 0.31158447265625 0.16168212890625 0.159210205078125
3 0.365234375 0.7724609375 0.111328125 0.110504150390625
5 0.64501953125 0.7039794921875 0.122314453125 0.120574951171875
0 0.52783203125 0.58935546875 0.136138916015625 0.13421630859375
1 0.73291015625 0.3604736328125 0.17449951171875 0.172119140625
4 0.470703125 0.4395751953125 0.15948486328125 0.16058349609375
3 0.348388671875 0.5791015625 0.108123779296875 0.107025146484375
2 0.2139892578125 0.4747314453125 0.1461181640625 0.1461181640625
2 0.212890625 0.688232421875 0.147674560546875 0.145294189453125