1 0.5615234375 0.27056884765625 0.17303466796875 0.16973876953125
4 0.3341064453125 0.308837890625 0.1600341796875 0.157012939453125
5 0.446533203125 0.795166015625 0.12139892578125 0.1212158203125
5 0.584228515625 0.7310791015625 0.120941162109375 0.119476318359375
3 0.30224609375 0.7618408203125 0.11114501953125 0.10858154296875
4 0.4483642578125 0.4501953125 0.158111572265625 0.155914306640625
1 0.714599609375 0.40789794921875 0.171844482421875 0.169189453125
3 0.311767578125 0.5706787109375 0.106201171875 0.104461669921875
0 0.484619140625 0.6029052734375 0.133026123046875 0.131561279296875
2 0.163818359375 0.6585693359375 0.14483642578125 0.143829345703125
0 0.61865234375 0.5443115234375 0.132293701171875 0.13092041015625
2 0.194580078125 0.45037841796875 0.1435546875 0.143280029296875