1 0.56005859375 0.251434326171875 0.17633056640625 0.1724853515625
4 0.332275390625 0.30682373046875 0.16168212890625 0.158111572265625
3 0.335205078125 0.7640380859375 0.1109619140625 0.10894775390625
5 0.482421875 0.787109375 0.12139892578125 0.120574951171875
5 0.61572265625 0.713134765625 0.120758056640625 0.119842529296875
1 0.723388671875 0.379150390625 0.173309326171875 0.170654296875
4 0.458251953125 0.44085693359375 0.159759521484375 0.158111572265625
3 0.329345703125 0.5721435546875 0.107208251953125 0.1051025390625
0 0.50732421875 0.593017578125 0.135406494140625 0.132476806640625
2 0.2015380859375 0.4608154296875 0.144287109375 0.143829345703125
2 0.18798828125 0.672119140625 0.1468505859375 0.143829345703125
0 0.635498046875 0.5234375 0.133941650390625 0.13348388671875