2 0.30078125 0.256927490234375 0.163421630859375 0.162322998046875
1 0.75341796875 0.33392333984375 0.19207763671875 0.1885986328125
1 0.806884765625 0.5615234375 0.19189453125 0.19281005859375
3 0.1934814453125 0.6109619140625 0.122039794921875 0.12139892578125
2 0.1334228515625 0.42767333984375 0.16314697265625 0.163970947265625
0 0.63037109375 0.620849609375 0.1505126953125 0.149688720703125
0 0.4674072265625 0.587158203125 0.14996337890625 0.149688720703125
4 0.53515625 0.42291259765625 0.177886962890625 0.17578125
4 0.52197265625 0.2176513671875 0.177886962890625 0.17578125
3 0.3275146484375 0.4425048828125 0.119476318359375 0.11920166015625
5 0.30517578125 0.7406005859375 0.1373291015625 0.135406494140625
5 0.474365234375 0.7728271484375 0.1358642578125 0.137054443359375