1 0.798095703125 0.5428466796875 0.1915283203125 0.19207763671875
1 0.739501953125 0.3165283203125 0.19244384765625 0.18896484375
3 0.3165283203125 0.44232177734375 0.11920166015625 0.118560791015625
4 0.52197265625 0.4154052734375 0.17852783203125 0.1754150390625
3 0.187255859375 0.6153564453125 0.122039794921875 0.121856689453125
0 0.461181640625 0.582763671875 0.149688720703125 0.149688720703125
2 0.1195068359375 0.433349609375 0.163970947265625 0.163970947265625
4 0.502197265625 0.209686279296875 0.17999267578125 0.177886962890625
2 0.282470703125 0.25665283203125 0.163421630859375 0.161956787109375
5 0.3037109375 0.7413330078125 0.136871337890625 0.135589599609375
0 0.62451171875 0.6109619140625 0.14923095703125 0.149688720703125
5 0.4739990234375 0.7677001953125 0.134857177734375 0.1358642578125