3 0.393798828125 0.7841796875 0.1131591796875 0.110504150390625
0 0.648681640625 0.482421875 0.136871337890625 0.135406494140625
4 0.300048828125 0.32769775390625 0.16314697265625 0.16168212890625
1 0.517578125 0.22735595703125 0.179443359375 0.17816162109375
4 0.4534912109375 0.43792724609375 0.162872314453125 0.163970947265625
1 0.705810546875 0.32147216796875 0.17633056640625 0.173309326171875
0 0.532958984375 0.578369140625 0.1380615234375 0.1365966796875
5 0.66552734375 0.677978515625 0.125152587890625 0.12249755859375
5 0.546142578125 0.7786865234375 0.12249755859375 0.12158203125
3 0.3509521484375 0.5941162109375 0.109954833984375 0.1087646484375
2 0.2008056640625 0.5069580078125 0.145843505859375 0.14739990234375
2 0.2293701171875 0.721923828125 0.148956298828125 0.147125244140625