3 0.376953125 0.780517578125 0.112152099609375 0.110137939453125
0 0.636962890625 0.4857177734375 0.136871337890625 0.1343994140625
1 0.512451171875 0.227081298828125 0.17852783203125 0.176971435546875
5 0.528564453125 0.7783203125 0.124053955078125 0.121856689453125
4 0.4447021484375 0.43572998046875 0.1611328125 0.16259765625
4 0.292724609375 0.32366943359375 0.163421630859375 0.15948486328125
1 0.69775390625 0.32659912109375 0.17578125 0.172119140625
0 0.5205078125 0.5787353515625 0.1380615234375 0.136871337890625
5 0.6494140625 0.68017578125 0.123779296875 0.12139892578125
3 0.338134765625 0.58935546875 0.109130859375 0.107940673828125
2 0.1905517578125 0.499267578125 0.146575927734375 0.147674560546875
2 0.2139892578125 0.7138671875 0.14923095703125 0.145843505859375