5 0.4388427734375 0.7991943359375 0.12139892578125 0.1212158203125
5 0.576904296875 0.73876953125 0.119476318359375 0.11883544921875
3 0.295654296875 0.762939453125 0.10931396484375 0.107757568359375
4 0.4476318359375 0.4556884765625 0.157012939453125 0.155914306640625
1 0.713134765625 0.41851806640625 0.17010498046875 0.167449951171875
0 0.480224609375 0.6083984375 0.133941650390625 0.1318359375
1 0.56298828125 0.27862548828125 0.172119140625 0.169189453125
3 0.3084716796875 0.572509765625 0.10601806640625 0.104461669921875
2 0.1597900390625 0.657470703125 0.144287109375 0.14300537109375
4 0.3355712890625 0.3121337890625 0.15948486328125 0.1556396484375
0 0.614990234375 0.552001953125 0.1318359375 0.131378173828125
2 0.1934814453125 0.45147705078125 0.143829345703125 0.14300537109375