5 0.50439453125 0.751220703125 0.11737060546875 0.115814208984375
3 0.234130859375 0.7032470703125 0.10528564453125 0.104278564453125
5 0.359375 0.77392578125 0.11883544921875 0.117919921875
4 0.4527587890625 0.4534912109375 0.153717041015625 0.15234375
2 0.2176513671875 0.38848876953125 0.136322021484375 0.137786865234375
2 0.133056640625 0.5728759765625 0.1402587890625 0.139801025390625
1 0.7109375 0.4835205078125 0.164886474609375 0.163421630859375
0 0.445068359375 0.604736328125 0.12945556640625 0.1292724609375
1 0.60400390625 0.31707763671875 0.165985107421875 0.16168212890625
0 0.5849609375 0.5849609375 0.129913330078125 0.1285400390625
3 0.29345703125 0.5289306640625 0.102996826171875 0.100982666015625
4 0.38427734375 0.2919921875 0.154266357421875 0.15106201171875