0 0.689697265625 0.48974609375 0.1402587890625 0.1373291015625
3 0.4439697265625 0.8050537109375 0.11114501953125 0.111328125
1 0.544677734375 0.2359619140625 0.1812744140625 0.180633544921875
4 0.4908447265625 0.45111083984375 0.164886474609375 0.163970947265625
4 0.3297119140625 0.3480224609375 0.16571044921875 0.1636962890625
5 0.599609375 0.79296875 0.124969482421875 0.124237060546875
0 0.575439453125 0.5911865234375 0.139068603515625 0.1387939453125
1 0.740234375 0.32366943359375 0.17852783203125 0.1776123046875
5 0.71533203125 0.6849365234375 0.12652587890625 0.122314453125
3 0.39306640625 0.6146240234375 0.110137939453125 0.109588623046875
2 0.2381591796875 0.532958984375 0.14739990234375 0.148956298828125
2 0.2769775390625 0.7490234375 0.150787353515625 0.14996337890625