1 0.704345703125 0.392333984375 0.165435791015625 0.161956787109375
4 0.516845703125 0.4736328125 0.15106201171875 0.148956298828125
0 0.6025390625 0.640625 0.129730224609375 0.1285400390625
2 0.17919921875 0.4857177734375 0.1365966796875 0.1373291015625
1 0.752685546875 0.585693359375 0.164520263671875 0.1636962890625
4 0.503662109375 0.29876708984375 0.151611328125 0.148956298828125
5 0.3289794921875 0.7471923828125 0.11737060546875 0.11627197265625
0 0.4644775390625 0.6146240234375 0.128997802734375 0.127899169921875
2 0.31689453125 0.3377685546875 0.137054443359375 0.1373291015625
3 0.34326171875 0.494873046875 0.102813720703125 0.102264404296875
3 0.2333984375 0.63916015625 0.104461669921875 0.103179931640625
5 0.47216796875 0.771728515625 0.115814208984375 0.115814208984375