1 0.7724609375 0.41888427734375 0.1944580078125 0.19317626953125
1 0.78271484375 0.6556396484375 0.19573974609375 0.19610595703125
4 0.562255859375 0.258758544921875 0.180633544921875 0.176971435546875
2 0.1356201171875 0.393798828125 0.16424560546875 0.163421630859375
4 0.53515625 0.4659423828125 0.179443359375 0.17816162109375
0 0.59521484375 0.682373046875 0.1534423828125 0.1534423828125
3 0.1590576171875 0.5882568359375 0.12359619140625 0.122955322265625
2 0.3370361328125 0.25628662109375 0.164886474609375 0.1636962890625
3 0.3267822265625 0.4454345703125 0.120941162109375 0.1201171875
5 0.4091796875 0.803955078125 0.138336181640625 0.1387939453125
5 0.2454833984375 0.7384033203125 0.137603759765625 0.137786865234375
0 0.4384765625 0.6171875 0.15106201171875 0.15289306640625