4 0.294921875 0.3150634765625 0.163421630859375 0.160858154296875
0 0.63330078125 0.4864501953125 0.136871337890625 0.135589599609375
5 0.51904296875 0.774658203125 0.12359619140625 0.122039794921875
5 0.641357421875 0.6790771484375 0.122314453125 0.12139892578125
3 0.36669921875 0.7742919921875 0.111785888671875 0.110504150390625
1 0.515380859375 0.223968505859375 0.179443359375 0.17669677734375
1 0.698486328125 0.32806396484375 0.176055908203125 0.172119140625
0 0.51318359375 0.57470703125 0.136322021484375 0.135589599609375
4 0.4417724609375 0.4315185546875 0.158935546875 0.16168212890625
3 0.3326416015625 0.582763671875 0.1083984375 0.107391357421875
2 0.1883544921875 0.4886474609375 0.14501953125 0.1461181640625
2 0.2073974609375 0.70361328125 0.148956298828125 0.146575927734375