0 0.670654296875 0.487548828125 0.140533447265625 0.1387939453125
1 0.5263671875 0.231292724609375 0.18438720703125 0.18438720703125
5 0.5791015625 0.7958984375 0.126251220703125 0.126251220703125
4 0.30810546875 0.34381103515625 0.16717529296875 0.1651611328125
3 0.42236328125 0.808349609375 0.114166259765625 0.11297607421875
4 0.4696044921875 0.44964599609375 0.16571044921875 0.166259765625
0 0.556396484375 0.5908203125 0.139984130859375 0.1402587890625
1 0.723388671875 0.31964111328125 0.181549072265625 0.178802490234375
5 0.697021484375 0.6864013671875 0.12744140625 0.12469482421875
3 0.3707275390625 0.614990234375 0.112152099609375 0.111785888671875
2 0.21435546875 0.531494140625 0.14996337890625 0.151336669921875
2 0.253173828125 0.751220703125 0.15289306640625 0.151611328125