2 0.349853515625 0.32623291015625 0.137603759765625 0.1358642578125
2 0.1905517578125 0.45166015625 0.137054443359375 0.1365966796875
4 0.5380859375 0.31707763671875 0.151611328125 0.14813232421875
0 0.58349609375 0.66845703125 0.1285400390625 0.12835693359375
4 0.5263671875 0.4908447265625 0.151336669921875 0.14923095703125
3 0.21875 0.6116943359375 0.103912353515625 0.102996826171875
3 0.351318359375 0.4857177734375 0.102630615234375 0.101165771484375
5 0.4359130859375 0.779052734375 0.115447998046875 0.116455078125
5 0.2978515625 0.732177734375 0.11444091796875 0.1146240234375
1 0.723388671875 0.4395751953125 0.16424560546875 0.162872314453125
1 0.74169921875 0.638427734375 0.165435791015625 0.165435791015625
0 0.450927734375 0.6226806640625 0.126068115234375 0.127899169921875