1 0.7841796875 0.4044189453125 0.19482421875 0.19207763671875
1 0.80322265625 0.6409912109375 0.1944580078125 0.19610595703125
4 0.5673828125 0.254180908203125 0.1812744140625 0.178802490234375
2 0.1451416015625 0.40716552734375 0.16571044921875 0.165435791015625
2 0.34033203125 0.260772705078125 0.164520263671875 0.163970947265625
3 0.34033203125 0.45111083984375 0.122314453125 0.120758056640625
4 0.5498046875 0.4608154296875 0.17999267578125 0.17816162109375
0 0.617919921875 0.6754150390625 0.154266357421875 0.15289306640625
3 0.178466796875 0.6007080078125 0.124237060546875 0.122314453125
5 0.2711181640625 0.74755859375 0.138519287109375 0.137786865234375
5 0.4366455078125 0.8050537109375 0.137786865234375 0.1387939453125
0 0.4586181640625 0.617919921875 0.15234375 0.1534423828125