0 0.660400390625 0.5208740234375 0.1417236328125 0.139801025390625
3 0.37841796875 0.8109130859375 0.11627197265625 0.113800048828125
5 0.53515625 0.8160400390625 0.12762451171875 0.12579345703125
4 0.3154296875 0.3359375 0.169189453125 0.165435791015625
5 0.664794921875 0.7215576171875 0.128082275390625 0.12542724609375
1 0.54541015625 0.24822998046875 0.182830810546875 0.181549072265625
3 0.3480224609375 0.612060546875 0.111328125 0.109771728515625
1 0.732177734375 0.360107421875 0.181549072265625 0.178802490234375
0 0.53515625 0.610595703125 0.141998291015625 0.139984130859375
2 0.19970703125 0.5120849609375 0.1505126953125 0.1505126953125
4 0.465576171875 0.458984375 0.165435791015625 0.16717529296875
2 0.213623046875 0.734375 0.15289306640625 0.149505615234375