3 0.470703125 0.7947998046875 0.1131591796875 0.11279296875
5 0.626708984375 0.779052734375 0.12762451171875 0.1256103515625
0 0.70947265625 0.471435546875 0.14154052734375 0.138519287109375
4 0.3443603515625 0.3370361328125 0.16571044921875 0.16424560546875
1 0.56005859375 0.2198486328125 0.1834716796875 0.18255615234375
0 0.597412109375 0.575439453125 0.1395263671875 0.138519287109375
1 0.758544921875 0.30279541015625 0.181915283203125 0.17852783203125
5 0.740966796875 0.66845703125 0.128082275390625 0.12469482421875
4 0.509521484375 0.437744140625 0.1636962890625 0.165985107421875
3 0.4150390625 0.6043701171875 0.11077880859375 0.111328125
2 0.2572021484375 0.5252685546875 0.148956298828125 0.149505615234375
2 0.3011474609375 0.7427978515625 0.151611328125 0.14996337890625