4 0.5 0.44012451171875 0.148956298828125 0.14813232421875
1 0.70068359375 0.41375732421875 0.163421630859375 0.161407470703125
0 0.4110107421875 0.560791015625 0.12652587890625 0.1256103515625
1 0.69482421875 0.610595703125 0.164520263671875 0.162872314453125
3 0.3289794921875 0.41339111328125 0.102264404296875 0.101165771484375
4 0.532958984375 0.271484375 0.147857666015625 0.1468505859375
0 0.53662109375 0.622314453125 0.127899169921875 0.12762451171875
5 0.2454833984375 0.6475830078125 0.113983154296875 0.11279296875
2 0.346923828125 0.257568359375 0.136322021484375 0.136138916015625
3 0.182861328125 0.521240234375 0.103363037109375 0.101348876953125
2 0.17333984375 0.361572265625 0.134674072265625 0.134674072265625
5 0.3773193359375 0.7113037109375 0.113800048828125 0.111968994140625