1 0.77685546875 0.3853759765625 0.1937255859375 0.1907958984375
0 0.4637451171875 0.6142578125 0.15106201171875 0.15234375
2 0.3275146484375 0.26580810546875 0.1636962890625 0.1636962890625
4 0.546142578125 0.4549560546875 0.17852783203125 0.17724609375
1 0.806884765625 0.6182861328125 0.194091796875 0.194091796875
4 0.55126953125 0.247039794921875 0.17816162109375 0.1776123046875
0 0.62451171875 0.66259765625 0.151885986328125 0.151611328125
5 0.28466796875 0.75341796875 0.137054443359375 0.1373291015625
2 0.141845703125 0.42108154296875 0.164886474609375 0.163970947265625
3 0.336669921875 0.45458984375 0.120758056640625 0.119476318359375
3 0.1846923828125 0.6116943359375 0.1226806640625 0.1226806640625
5 0.4520263671875 0.8021240234375 0.1365966796875 0.138336181640625