1 0.780517578125 0.41961669921875 0.194091796875 0.191162109375
4 0.543212890625 0.4652099609375 0.18035888671875 0.1776123046875
0 0.445068359375 0.6168212890625 0.151885986328125 0.15289306640625
0 0.601806640625 0.6827392578125 0.152618408203125 0.15289306640625
4 0.571044921875 0.26068115234375 0.179443359375 0.17669677734375
1 0.78857421875 0.6571044921875 0.19573974609375 0.19537353515625
5 0.2528076171875 0.7362060546875 0.1387939453125 0.138336181640625
2 0.143310546875 0.39178466796875 0.163970947265625 0.163421630859375
5 0.4150390625 0.802490234375 0.1373291015625 0.137786865234375
2 0.3458251953125 0.2557373046875 0.163421630859375 0.162872314453125
3 0.166748046875 0.5860595703125 0.12359619140625 0.12249755859375
3 0.3348388671875 0.44488525390625 0.121856689453125 0.1201171875