1 0.556396484375 0.267822265625 0.174224853515625 0.17156982421875
0 0.619384765625 0.5413818359375 0.13348388671875 0.13201904296875
4 0.3267822265625 0.31121826171875 0.1600341796875 0.156463623046875
5 0.4542236328125 0.7969970703125 0.121856689453125 0.12158203125
3 0.3077392578125 0.7669677734375 0.11114501953125 0.109130859375
5 0.5908203125 0.7296142578125 0.1212158203125 0.118560791015625
1 0.713134765625 0.4014892578125 0.172760009765625 0.16973876953125
0 0.48681640625 0.6029052734375 0.133209228515625 0.133026123046875
4 0.4468994140625 0.450927734375 0.158111572265625 0.15728759765625
3 0.3125 0.575439453125 0.106842041015625 0.10565185546875
2 0.166748046875 0.6680908203125 0.14556884765625 0.143280029296875
2 0.1905517578125 0.4578857421875 0.142547607421875 0.143280029296875