4 0.318359375 0.310302734375 0.170379638671875 0.16717529296875
0 0.657470703125 0.51171875 0.14300537109375 0.1395263671875
5 0.51904296875 0.8035888671875 0.129730224609375 0.12835693359375
3 0.3388671875 0.5908203125 0.113616943359375 0.11151123046875
3 0.36083984375 0.792236328125 0.1160888671875 0.11480712890625
5 0.653076171875 0.7138671875 0.12835693359375 0.126068115234375
1 0.55419921875 0.232391357421875 0.18603515625 0.183197021484375
1 0.7373046875 0.352783203125 0.181549072265625 0.18035888671875
0 0.52783203125 0.595947265625 0.142730712890625 0.140533447265625
4 0.4637451171875 0.44085693359375 0.166534423828125 0.168914794921875
2 0.194580078125 0.4820556640625 0.1505126953125 0.151336669921875
2 0.197509765625 0.7080078125 0.154815673828125 0.15106201171875