1 0.748291015625 0.32659912109375 0.19207763671875 0.18914794921875
1 0.803955078125 0.5531005859375 0.19281005859375 0.19244384765625
2 0.1279296875 0.4296875 0.1636962890625 0.163970947265625
2 0.29345703125 0.25628662109375 0.16259765625 0.16259765625
4 0.5146484375 0.2139892578125 0.17816162109375 0.176971435546875
0 0.62890625 0.6168212890625 0.1505126953125 0.14996337890625
4 0.528564453125 0.42034912109375 0.176971435546875 0.17486572265625
3 0.191650390625 0.6124267578125 0.1226806640625 0.121856689453125
3 0.3231201171875 0.4417724609375 0.11920166015625 0.11883544921875
5 0.304443359375 0.740234375 0.1365966796875 0.1351318359375
5 0.4736328125 0.7706298828125 0.134674072265625 0.136322021484375
0 0.4659423828125 0.5853271484375 0.150238037109375 0.149688720703125