1 0.579833984375 0.222686767578125 0.18768310546875 0.186309814453125
4 0.3267822265625 0.232391357421875 0.175140380859375 0.17303466796875
5 0.3831787109375 0.780517578125 0.133941650390625 0.133026123046875
0 0.60400390625 0.530029296875 0.1435546875 0.14501953125
5 0.54248046875 0.72998046875 0.133026123046875 0.130645751953125
4 0.4326171875 0.404052734375 0.173309326171875 0.171844482421875
3 0.22900390625 0.7237548828125 0.12030029296875 0.11737060546875
1 0.727783203125 0.39617919921875 0.186309814453125 0.18438720703125
2 0.15283203125 0.3677978515625 0.15673828125 0.155914306640625
0 0.4520263671875 0.576171875 0.147674560546875 0.1461181640625
3 0.2645263671875 0.5164794921875 0.116455078125 0.11480712890625
2 0.09112548828125 0.59228515625 0.160308837890625 0.158935546875