0 0.6318359375 0.525634765625 0.132476806640625 0.132293701171875
1 0.557861328125 0.2535400390625 0.174224853515625 0.172119140625
4 0.330078125 0.3077392578125 0.161407470703125 0.1578369140625
3 0.330078125 0.76513671875 0.111328125 0.109130859375
5 0.477294921875 0.78857421875 0.122039794921875 0.120758056640625
5 0.611328125 0.7156982421875 0.12158203125 0.119659423828125
0 0.503662109375 0.5941162109375 0.1351318359375 0.133026123046875
1 0.7197265625 0.3824462890625 0.172760009765625 0.16973876953125
4 0.4556884765625 0.44268798828125 0.16058349609375 0.15838623046875
3 0.32568359375 0.572509765625 0.107025146484375 0.10546875
2 0.1839599609375 0.6717529296875 0.14556884765625 0.1435546875
2 0.1993408203125 0.4600830078125 0.14556884765625 0.144561767578125