5 0.512451171875 0.780517578125 0.12359619140625 0.122955322265625
0 0.632568359375 0.4945068359375 0.136138916015625 0.133941650390625
1 0.521240234375 0.230743408203125 0.178802490234375 0.177886962890625
3 0.3604736328125 0.7764892578125 0.111328125 0.110504150390625
4 0.298583984375 0.31597900390625 0.1636962890625 0.16058349609375
0 0.512451171875 0.5809326171875 0.137054443359375 0.1358642578125
5 0.6376953125 0.68896484375 0.1234130859375 0.12139892578125
1 0.701416015625 0.3377685546875 0.17578125 0.172119140625
4 0.4432373046875 0.43572998046875 0.16058349609375 0.1611328125
3 0.3311767578125 0.58349609375 0.1087646484375 0.108123779296875
2 0.188720703125 0.4879150390625 0.144561767578125 0.14630126953125
2 0.20263671875 0.7025146484375 0.14813232421875 0.1461181640625