5 0.56884765625 0.7830810546875 0.124053955078125 0.122955322265625
5 0.686767578125 0.6783447265625 0.12579345703125 0.1226806640625
3 0.41650390625 0.79150390625 0.111968994140625 0.111328125
1 0.718994140625 0.3201904296875 0.17724609375 0.17486572265625
4 0.4688720703125 0.44232177734375 0.16168212890625 0.1636962890625
3 0.3685302734375 0.601806640625 0.109588623046875 0.1087646484375
2 0.216552734375 0.517578125 0.14483642578125 0.14813232421875
0 0.55126953125 0.58203125 0.1373291015625 0.136871337890625
1 0.52783203125 0.2286376953125 0.17999267578125 0.179443359375
4 0.31103515625 0.33575439453125 0.163421630859375 0.161407470703125
2 0.2513427734375 0.7332763671875 0.14996337890625 0.148406982421875
0 0.66552734375 0.4835205078125 0.138336181640625 0.1358642578125