4 0.487548828125 0.2813720703125 0.15289306640625 0.150787353515625
5 0.336669921875 0.7376708984375 0.117095947265625 0.115814208984375
3 0.338134765625 0.484619140625 0.103363037109375 0.102081298828125
2 0.172607421875 0.484619140625 0.138519287109375 0.137786865234375
4 0.510986328125 0.45458984375 0.15234375 0.150238037109375
3 0.2352294921875 0.635498046875 0.10546875 0.103912353515625
5 0.482421875 0.7545166015625 0.115814208984375 0.115447998046875
0 0.60546875 0.6171875 0.130645751953125 0.1285400390625
2 0.3048095703125 0.329345703125 0.137603759765625 0.1373291015625
1 0.694091796875 0.36285400390625 0.166900634765625 0.16259765625
0 0.46484375 0.5985107421875 0.128997802734375 0.1285400390625
1 0.751220703125 0.553466796875 0.16571044921875 0.16424560546875