2 0.1260986328125 0.5604248046875 0.1402587890625 0.1395263671875
2 0.2139892578125 0.37896728515625 0.1373291015625 0.1380615234375
4 0.4476318359375 0.4501953125 0.150787353515625 0.15106201171875
3 0.28759765625 0.521240234375 0.102447509765625 0.101531982421875
3 0.2227783203125 0.694091796875 0.10528564453125 0.104461669921875
0 0.43701171875 0.6014404296875 0.13037109375 0.128997802734375
1 0.705078125 0.48828125 0.166534423828125 0.1636962890625
1 0.60400390625 0.3179931640625 0.166259765625 0.161407470703125
0 0.57763671875 0.5853271484375 0.127899169921875 0.128082275390625
5 0.3465576171875 0.7677001953125 0.118377685546875 0.11737060546875
4 0.38427734375 0.28814697265625 0.15399169921875 0.150787353515625
5 0.4915771484375 0.7493896484375 0.115814208984375 0.115264892578125