3 0.4326171875 0.808349609375 0.11480712890625 0.11297607421875
5 0.588623046875 0.7947998046875 0.12652587890625 0.126068115234375
1 0.53076171875 0.2315673828125 0.182830810546875 0.182830810546875
0 0.6787109375 0.4871826171875 0.142730712890625 0.1395263671875
4 0.31396484375 0.3465576171875 0.167449951171875 0.16571044921875
4 0.477294921875 0.45037841796875 0.166534423828125 0.166534423828125
5 0.705078125 0.68603515625 0.126983642578125 0.125152587890625
0 0.563720703125 0.5904541015625 0.1409912109375 0.139068603515625
1 0.728515625 0.31817626953125 0.180999755859375 0.17852783203125
3 0.379150390625 0.616455078125 0.112335205078125 0.112152099609375
2 0.222412109375 0.5340576171875 0.149505615234375 0.151336669921875
2 0.2623291015625 0.752685546875 0.15399169921875 0.151611328125