3 0.2110595703125 0.6944580078125 0.103546142578125 0.101715087890625
5 0.4666748046875 0.7786865234375 0.113800048828125 0.113800048828125
2 0.1304931640625 0.5531005859375 0.137603759765625 0.136871337890625
5 0.32275390625 0.7816162109375 0.116455078125 0.11480712890625
2 0.23779296875 0.3853759765625 0.1343994140625 0.1358642578125
1 0.62451171875 0.367431640625 0.16314697265625 0.159759521484375
0 0.571044921875 0.628173828125 0.12945556640625 0.12762451171875
4 0.458251953125 0.4813232421875 0.14923095703125 0.148681640625
0 0.4300537109375 0.628173828125 0.12835693359375 0.126983642578125
1 0.705078125 0.546142578125 0.16259765625 0.161956787109375
3 0.292724609375 0.532958984375 0.101715087890625 0.099884033203125
4 0.411376953125 0.3154296875 0.149688720703125 0.147125244140625