1 0.5849609375 0.22314453125 0.186309814453125 0.185028076171875
4 0.342529296875 0.283935546875 0.172760009765625 0.168914794921875
5 0.50732421875 0.7958984375 0.13018798828125 0.12945556640625
0 0.669189453125 0.51171875 0.1435546875 0.141998291015625
3 0.3494873046875 0.7728271484375 0.11920166015625 0.116912841796875
4 0.4798583984375 0.4263916015625 0.17010498046875 0.169464111328125
5 0.6494140625 0.71533203125 0.131103515625 0.128082275390625
0 0.53076171875 0.5867919921875 0.144012451171875 0.1417236328125
1 0.7607421875 0.35772705078125 0.18438720703125 0.181549072265625
2 0.2052001953125 0.44964599609375 0.153717041015625 0.154266357421875
3 0.3414306640625 0.5670166015625 0.113983154296875 0.111968994140625
2 0.1923828125 0.6754150390625 0.157012939453125 0.153167724609375