3 0.1971435546875 0.6435546875 0.120941162109375 0.11920166015625
1 0.70947265625 0.2967529296875 0.1904296875 0.18731689453125
2 0.1136474609375 0.4710693359375 0.162872314453125 0.163421630859375
5 0.3231201171875 0.755615234375 0.134857177734375 0.1343994140625
0 0.6259765625 0.5955810546875 0.14813232421875 0.147674560546875
4 0.4674072265625 0.215179443359375 0.17816162109375 0.1754150390625
4 0.505126953125 0.4150390625 0.17633056640625 0.1754150390625
2 0.254638671875 0.28045654296875 0.159759521484375 0.160308837890625
3 0.3055419921875 0.46044921875 0.118377685546875 0.116912841796875
1 0.78857421875 0.5113525390625 0.1885986328125 0.18951416015625
5 0.494140625 0.76513671875 0.134674072265625 0.133209228515625
0 0.4622802734375 0.5845947265625 0.148956298828125 0.147125244140625