1 0.760009765625 0.34033203125 0.19207763671875 0.1885986328125
1 0.808349609375 0.5684814453125 0.19189453125 0.19207763671875
4 0.528564453125 0.22113037109375 0.17724609375 0.176055908203125
4 0.538818359375 0.4271240234375 0.17633056640625 0.17449951171875
0 0.468505859375 0.5904541015625 0.150787353515625 0.151885986328125
3 0.1949462890625 0.610595703125 0.1212158203125 0.120941162109375
2 0.137451171875 0.42657470703125 0.162872314453125 0.163421630859375
2 0.3077392578125 0.258026123046875 0.162872314453125 0.16259765625
3 0.332275390625 0.44378662109375 0.1190185546875 0.11883544921875
0 0.6318359375 0.6263427734375 0.14996337890625 0.149688720703125
5 0.3055419921875 0.7413330078125 0.1373291015625 0.1351318359375
5 0.4736328125 0.7764892578125 0.136322021484375 0.1373291015625