5 0.521240234375 0.7724609375 0.13421630859375 0.13275146484375
1 0.66552734375 0.2802734375 0.18731689453125 0.185028076171875
5 0.352783203125 0.787109375 0.135589599609375 0.1336669921875
3 0.2132568359375 0.6962890625 0.120758056640625 0.118194580078125
4 0.4154052734375 0.236236572265625 0.173675537109375 0.1739501953125
2 0.10504150390625 0.5384521484375 0.16168212890625 0.16058349609375
4 0.482421875 0.42694091796875 0.1724853515625 0.173309326171875
2 0.2158203125 0.33154296875 0.158935546875 0.15673828125
0 0.6259765625 0.588623046875 0.147674560546875 0.147674560546875
0 0.464111328125 0.600341796875 0.148406982421875 0.147857666015625
1 0.775390625 0.4827880859375 0.18768310546875 0.18768310546875
3 0.294189453125 0.500732421875 0.11627197265625 0.115264892578125