1 0.770263671875 0.41925048828125 0.1944580078125 0.19281005859375
4 0.531494140625 0.4674072265625 0.1790771484375 0.177886962890625
0 0.4359130859375 0.6190185546875 0.151611328125 0.15289306640625
4 0.557861328125 0.26068115234375 0.17999267578125 0.176971435546875
1 0.779052734375 0.656005859375 0.19573974609375 0.19573974609375
0 0.593017578125 0.683837890625 0.15234375 0.15289306640625
2 0.131591796875 0.39617919921875 0.165435791015625 0.164520263671875
5 0.24365234375 0.739501953125 0.1380615234375 0.1380615234375
2 0.3333740234375 0.25848388671875 0.165435791015625 0.164520263671875
5 0.406982421875 0.8057861328125 0.1387939453125 0.1387939453125
3 0.323486328125 0.4476318359375 0.12139892578125 0.12030029296875
3 0.1568603515625 0.5908203125 0.124053955078125 0.1234130859375