2 0.1729736328125 0.4798583984375 0.1373291015625 0.137786865234375
2 0.3157958984375 0.3341064453125 0.1380615234375 0.1373291015625
1 0.7021484375 0.39874267578125 0.166259765625 0.16259765625
3 0.338134765625 0.49267578125 0.102813720703125 0.102447509765625
4 0.512451171875 0.47509765625 0.15234375 0.14996337890625
3 0.222412109375 0.6343994140625 0.104461669921875 0.103363037109375
1 0.74462890625 0.5926513671875 0.165435791015625 0.164886474609375
0 0.455322265625 0.614990234375 0.128997802734375 0.1285400390625
5 0.459716796875 0.7724609375 0.115631103515625 0.115814208984375
0 0.59228515625 0.6446533203125 0.1292724609375 0.128814697265625
5 0.3165283203125 0.7442626953125 0.116455078125 0.11627197265625
4 0.503662109375 0.30078125 0.15234375 0.14923095703125