5 0.471435546875 0.7655029296875 0.116455078125 0.114990234375
3 0.21435546875 0.673583984375 0.104278564453125 0.102813720703125
5 0.326416015625 0.762939453125 0.117095947265625 0.115447998046875
2 0.137451171875 0.530029296875 0.137054443359375 0.1373291015625
4 0.46923828125 0.465576171875 0.148956298828125 0.14923095703125
1 0.638427734375 0.3560791015625 0.163421630859375 0.158935546875
2 0.2498779296875 0.36358642578125 0.1365966796875 0.136138916015625
1 0.714599609375 0.5369873046875 0.163421630859375 0.16259765625
0 0.576904296875 0.616455078125 0.126983642578125 0.126708984375
0 0.4384765625 0.612060546875 0.1292724609375 0.126708984375
3 0.3004150390625 0.5128173828125 0.101348876953125 0.100799560546875
4 0.4267578125 0.29730224609375 0.149505615234375 0.147125244140625