5 0.521240234375 0.774658203125 0.124237060546875 0.1226806640625
3 0.3692626953125 0.7742919921875 0.112335205078125 0.110504150390625
0 0.634033203125 0.4857177734375 0.136871337890625 0.1358642578125
4 0.2945556640625 0.31561279296875 0.164520263671875 0.1611328125
1 0.515380859375 0.22369384765625 0.1790771484375 0.17633056640625
1 0.698486328125 0.3271484375 0.17633056640625 0.1724853515625
5 0.6435546875 0.6790771484375 0.12359619140625 0.12139892578125
0 0.5146484375 0.57470703125 0.136871337890625 0.136322021484375
3 0.333740234375 0.582763671875 0.10931396484375 0.10858154296875
4 0.4425048828125 0.4315185546875 0.1600341796875 0.161956787109375
2 0.1890869140625 0.48974609375 0.145294189453125 0.146575927734375
2 0.20849609375 0.705078125 0.148406982421875 0.145843505859375