3 0.433349609375 0.8050537109375 0.1131591796875 0.111328125
0 0.677978515625 0.491943359375 0.139801025390625 0.136322021484375
1 0.5380859375 0.23870849609375 0.18035888671875 0.17999267578125
4 0.4813232421875 0.453125 0.16259765625 0.164520263671875
5 0.587158203125 0.7940673828125 0.124237060546875 0.123779296875
4 0.3223876953125 0.34820556640625 0.164886474609375 0.162872314453125
0 0.566650390625 0.5933837890625 0.139251708984375 0.137603759765625
1 0.7314453125 0.3260498046875 0.17852783203125 0.175140380859375
5 0.702880859375 0.6885986328125 0.124053955078125 0.123138427734375
2 0.23046875 0.532958984375 0.1468505859375 0.148681640625
3 0.3831787109375 0.614990234375 0.110137939453125 0.109771728515625
2 0.26708984375 0.7490234375 0.151885986328125 0.14923095703125