1 0.69921875 0.4124755859375 0.163970947265625 0.161407470703125
3 0.3275146484375 0.4146728515625 0.101898193359375 0.101165771484375
1 0.694091796875 0.6094970703125 0.164520263671875 0.163421630859375
4 0.531494140625 0.270751953125 0.14813232421875 0.14739990234375
4 0.4989013671875 0.44012451171875 0.148956298828125 0.148681640625
0 0.535888671875 0.6219482421875 0.12835693359375 0.12744140625
2 0.3447265625 0.257843017578125 0.136138916015625 0.136138916015625
0 0.4095458984375 0.5618896484375 0.126068115234375 0.125152587890625
5 0.2454833984375 0.648681640625 0.113800048828125 0.11279296875
5 0.377685546875 0.71240234375 0.11444091796875 0.11297607421875
2 0.1715087890625 0.3619384765625 0.136138916015625 0.1358642578125
3 0.18212890625 0.5230712890625 0.102996826171875 0.101531982421875