1 0.73583984375 0.635498046875 0.16424560546875 0.163970947265625
2 0.196044921875 0.42657470703125 0.1343994140625 0.1351318359375
5 0.2908935546875 0.708740234375 0.11444091796875 0.11297607421875
1 0.724853515625 0.43792724609375 0.16314697265625 0.160858154296875
2 0.359375 0.3092041015625 0.136322021484375 0.1351318359375
0 0.4476318359375 0.607666015625 0.12542724609375 0.127166748046875
4 0.54541015625 0.30865478515625 0.14996337890625 0.1468505859375
4 0.527099609375 0.4805908203125 0.149688720703125 0.14923095703125
0 0.578369140625 0.6593017578125 0.126983642578125 0.126251220703125
3 0.35498046875 0.4674072265625 0.102264404296875 0.099884033203125
3 0.218017578125 0.587158203125 0.103912353515625 0.102447509765625
5 0.42529296875 0.761474609375 0.1131591796875 0.11480712890625