5 0.5263671875 0.74609375 0.118560791015625 0.116729736328125
3 0.2513427734375 0.716064453125 0.1065673828125 0.10546875
5 0.3817138671875 0.777587890625 0.11920166015625 0.118194580078125
4 0.4534912109375 0.4490966796875 0.154266357421875 0.15289306640625
0 0.4571533203125 0.6021728515625 0.130645751953125 0.13037109375
2 0.2110595703125 0.39892578125 0.1387939453125 0.1387939453125
1 0.71533203125 0.462646484375 0.1651611328125 0.164886474609375
2 0.1400146484375 0.5908203125 0.14080810546875 0.141265869140625
1 0.597412109375 0.3011474609375 0.167449951171875 0.163421630859375
3 0.2978515625 0.5355224609375 0.103912353515625 0.101898193359375
0 0.5966796875 0.572509765625 0.130645751953125 0.12945556640625
4 0.3736572265625 0.2916259765625 0.154815673828125 0.15216064453125