4 0.50146484375 0.43975830078125 0.14923095703125 0.148681640625
1 0.695556640625 0.6116943359375 0.164886474609375 0.1636962890625
1 0.702880859375 0.41412353515625 0.164886474609375 0.16168212890625
2 0.174072265625 0.35919189453125 0.134857177734375 0.1351318359375
3 0.330078125 0.412109375 0.102081298828125 0.100799560546875
0 0.537353515625 0.622314453125 0.1292724609375 0.127899169921875
2 0.34912109375 0.256011962890625 0.136322021484375 0.136322021484375
5 0.2454833984375 0.645751953125 0.11444091796875 0.11297607421875
4 0.535888671875 0.27093505859375 0.14996337890625 0.14813232421875
0 0.41064453125 0.5611572265625 0.12652587890625 0.12579345703125
5 0.376220703125 0.7113037109375 0.114990234375 0.1131591796875
3 0.1832275390625 0.5186767578125 0.103363037109375 0.101531982421875