0 0.4073486328125 0.6278076171875 0.150787353515625 0.15216064453125
4 0.509521484375 0.4783935546875 0.1790771484375 0.1776123046875
0 0.560791015625 0.6973876953125 0.151885986328125 0.15216064453125
5 0.2099609375 0.740234375 0.1373291015625 0.137054443359375
5 0.3707275390625 0.812744140625 0.137786865234375 0.138519287109375
1 0.746826171875 0.44085693359375 0.19500732421875 0.1915283203125
4 0.541015625 0.2755126953125 0.180633544921875 0.17669677734375
1 0.74755859375 0.6776123046875 0.19573974609375 0.19500732421875
3 0.3018798828125 0.453125 0.1212158203125 0.11920166015625
2 0.318359375 0.2652587890625 0.162872314453125 0.162322998046875
2 0.11309814453125 0.39453125 0.16314697265625 0.163421630859375
3 0.1304931640625 0.588623046875 0.124969482421875 0.121856689453125