1 0.78564453125 0.39764404296875 0.1937255859375 0.1915283203125
1 0.812744140625 0.632568359375 0.19500732421875 0.19537353515625
5 0.2861328125 0.755615234375 0.138336181640625 0.138519287109375
4 0.55126953125 0.46337890625 0.177886962890625 0.1776123046875
2 0.339599609375 0.26837158203125 0.16424560546875 0.162872314453125
4 0.564453125 0.25482177734375 0.180999755859375 0.1790771484375
5 0.453125 0.808349609375 0.1358642578125 0.1380615234375
3 0.3447265625 0.4571533203125 0.12158203125 0.1201171875
2 0.1495361328125 0.4190673828125 0.16424560546875 0.164886474609375
0 0.62890625 0.6724853515625 0.152618408203125 0.151885986328125
3 0.1890869140625 0.6116943359375 0.122955322265625 0.1226806640625
0 0.4681396484375 0.6197509765625 0.150787353515625 0.15289306640625