5 0.52197265625 0.7384033203125 0.119842529296875 0.1175537109375
5 0.376953125 0.776123046875 0.119476318359375 0.11920166015625
3 0.2421875 0.718994140625 0.108123779296875 0.106201171875
4 0.435546875 0.4432373046875 0.15509033203125 0.15289306640625
1 0.699951171875 0.4468994140625 0.166900634765625 0.164886474609375
2 0.1890869140625 0.40240478515625 0.1395263671875 0.139068603515625
0 0.445068359375 0.5963134765625 0.129913330078125 0.12945556640625
1 0.57470703125 0.288330078125 0.167999267578125 0.163970947265625
2 0.1253662109375 0.59814453125 0.142547607421875 0.1417236328125
3 0.2828369140625 0.5362548828125 0.103729248046875 0.102081298828125
0 0.584228515625 0.5618896484375 0.129913330078125 0.128997802734375
4 0.3487548828125 0.28704833984375 0.154541015625 0.15289306640625