3 0.388671875 0.812744140625 0.1160888671875 0.113800048828125
0 0.6611328125 0.510986328125 0.1417236328125 0.138519287109375
4 0.4637451171875 0.456787109375 0.166259765625 0.167449951171875
1 0.535888671875 0.243011474609375 0.18475341796875 0.183197021484375
4 0.30810546875 0.3392333984375 0.16827392578125 0.16571044921875
5 0.546142578125 0.8116455078125 0.12945556640625 0.126068115234375
0 0.538818359375 0.606201171875 0.143280029296875 0.140533447265625
5 0.672119140625 0.7120361328125 0.1285400390625 0.12542724609375
1 0.726318359375 0.3465576171875 0.18218994140625 0.177886962890625
3 0.3509521484375 0.6153564453125 0.11297607421875 0.11151123046875
2 0.198974609375 0.5201416015625 0.1505126953125 0.151336669921875
2 0.2220458984375 0.742431640625 0.153717041015625 0.151885986328125