5 0.505126953125 0.75048828125 0.1175537109375 0.115814208984375
3 0.2330322265625 0.7061767578125 0.10528564453125 0.104095458984375
5 0.360107421875 0.7750244140625 0.11883544921875 0.117919921875
2 0.210693359375 0.39068603515625 0.137786865234375 0.1387939453125
2 0.1304931640625 0.576904296875 0.1402587890625 0.139984130859375
0 0.4443359375 0.6043701171875 0.129730224609375 0.129913330078125
3 0.2908935546875 0.5303955078125 0.103179931640625 0.101715087890625
4 0.44873046875 0.453125 0.15289306640625 0.151885986328125
1 0.7080078125 0.4791259765625 0.16571044921875 0.163421630859375
1 0.59814453125 0.3125 0.164886474609375 0.16168212890625
0 0.58349609375 0.582763671875 0.129913330078125 0.128814697265625
4 0.3773193359375 0.2919921875 0.15289306640625 0.151336669921875