3 0.468505859375 0.795166015625 0.112152099609375 0.112152099609375
0 0.708740234375 0.4736328125 0.1409912109375 0.1380615234375
4 0.5087890625 0.439208984375 0.163421630859375 0.16571044921875
5 0.623779296875 0.780517578125 0.12744140625 0.12579345703125
1 0.56005859375 0.222137451171875 0.1834716796875 0.18255615234375
4 0.3458251953125 0.33740234375 0.164886474609375 0.164520263671875
1 0.758544921875 0.30609130859375 0.1812744140625 0.177886962890625
0 0.5966796875 0.57763671875 0.139068603515625 0.138336181640625
5 0.738037109375 0.670654296875 0.126251220703125 0.12359619140625
3 0.4132080078125 0.6051025390625 0.109588623046875 0.109954833984375
2 0.2568359375 0.52490234375 0.147674560546875 0.148681640625
2 0.29931640625 0.74169921875 0.151336669921875 0.14996337890625