2 0.3359375 0.267822265625 0.163970947265625 0.162872314453125
0 0.467041015625 0.61865234375 0.151611328125 0.1534423828125
1 0.783447265625 0.39453125 0.19482421875 0.19189453125
2 0.14697265625 0.42034912109375 0.16424560546875 0.1651611328125
4 0.553466796875 0.458984375 0.179718017578125 0.177886962890625
0 0.62744140625 0.669921875 0.15234375 0.15106201171875
1 0.81201171875 0.62890625 0.19610595703125 0.19537353515625
5 0.4534912109375 0.8065185546875 0.136871337890625 0.137786865234375
5 0.2857666015625 0.7552490234375 0.1380615234375 0.138519287109375
4 0.560791015625 0.252349853515625 0.181549072265625 0.17816162109375
3 0.18798828125 0.612060546875 0.122314453125 0.122039794921875
3 0.3436279296875 0.4571533203125 0.122039794921875 0.119476318359375