1 0.770263671875 0.37969970703125 0.19317626953125 0.1904296875
4 0.541015625 0.45037841796875 0.17724609375 0.17669677734375
0 0.46044921875 0.6109619140625 0.14996337890625 0.151336669921875
2 0.320556640625 0.264801025390625 0.16259765625 0.16314697265625
5 0.283935546875 0.7523193359375 0.1365966796875 0.1373291015625
2 0.1378173828125 0.421630859375 0.163970947265625 0.1636962890625
4 0.546142578125 0.244384765625 0.180633544921875 0.17724609375
5 0.45166015625 0.7991943359375 0.136871337890625 0.1380615234375
0 0.622314453125 0.6585693359375 0.152618408203125 0.152618408203125
1 0.8046875 0.6124267578125 0.19317626953125 0.19482421875
3 0.1824951171875 0.612060546875 0.12249755859375 0.12249755859375
3 0.332275390625 0.4534912109375 0.120758056640625 0.119476318359375