5 0.53076171875 0.8094482421875 0.128814697265625 0.126251220703125
1 0.55126953125 0.240081787109375 0.1856689453125 0.183197021484375
4 0.319091796875 0.32293701171875 0.16864013671875 0.164886474609375
3 0.373291015625 0.8021240234375 0.1160888671875 0.114166259765625
0 0.6611328125 0.5150146484375 0.14080810546875 0.137786865234375
4 0.4674072265625 0.4498291015625 0.167449951171875 0.167449951171875
5 0.661865234375 0.7171630859375 0.128814697265625 0.1256103515625
0 0.534423828125 0.6021728515625 0.14300537109375 0.139984130859375
1 0.736572265625 0.355712890625 0.18255615234375 0.17852783203125
2 0.2008056640625 0.497802734375 0.150787353515625 0.15234375
3 0.3465576171875 0.6014404296875 0.113616943359375 0.111785888671875
2 0.2099609375 0.7215576171875 0.154266357421875 0.1505126953125