4 0.5498046875 0.31561279296875 0.150238037109375 0.147857666015625
0 0.4556884765625 0.617919921875 0.126068115234375 0.126068115234375
2 0.198974609375 0.4425048828125 0.1351318359375 0.1351318359375
1 0.743896484375 0.63916015625 0.1651611328125 0.16424560546875
0 0.587158203125 0.6666259765625 0.12945556640625 0.128082275390625
1 0.730712890625 0.44232177734375 0.16571044921875 0.16259765625
4 0.53369140625 0.48828125 0.149688720703125 0.14813232421875
3 0.358642578125 0.4798583984375 0.102630615234375 0.100982666015625
5 0.4366455078125 0.773193359375 0.114166259765625 0.11480712890625
3 0.225341796875 0.6007080078125 0.104095458984375 0.102447509765625
2 0.3612060546875 0.3209228515625 0.136871337890625 0.1365966796875
5 0.300048828125 0.7237548828125 0.115447998046875 0.114166259765625