3 0.3260498046875 0.417236328125 0.102630615234375 0.100433349609375
1 0.697021484375 0.412109375 0.1636962890625 0.16168212890625
0 0.535888671875 0.6226806640625 0.128997802734375 0.12744140625
4 0.528564453125 0.27130126953125 0.14923095703125 0.147674560546875
1 0.694091796875 0.607666015625 0.163970947265625 0.16259765625
4 0.497802734375 0.44122314453125 0.148956298828125 0.148956298828125
5 0.377685546875 0.7142333984375 0.114166259765625 0.113616943359375
2 0.3421630859375 0.260498046875 0.1358642578125 0.1358642578125
5 0.2451171875 0.651611328125 0.114166259765625 0.1131591796875
3 0.1806640625 0.5260009765625 0.102996826171875 0.100982666015625
0 0.4091796875 0.562255859375 0.126251220703125 0.12579345703125
2 0.169677734375 0.36505126953125 0.134857177734375 0.135406494140625