4 0.3187255859375 0.30718994140625 0.170928955078125 0.166534423828125
0 0.656005859375 0.51171875 0.142547607421875 0.139984130859375
1 0.55419921875 0.23101806640625 0.1856689453125 0.183746337890625
4 0.464111328125 0.4384765625 0.16864013671875 0.169189453125
3 0.35791015625 0.7896728515625 0.11627197265625 0.115264892578125
5 0.515380859375 0.8028564453125 0.129730224609375 0.127899169921875
1 0.7373046875 0.3531494140625 0.183197021484375 0.17999267578125
5 0.650146484375 0.7135009765625 0.12835693359375 0.12652587890625
0 0.525634765625 0.594482421875 0.143280029296875 0.1409912109375
3 0.3363037109375 0.587890625 0.11334228515625 0.111968994140625
2 0.1934814453125 0.4791259765625 0.15106201171875 0.151885986328125
2 0.1964111328125 0.7032470703125 0.154541015625 0.151611328125