1 0.594482421875 0.2117919921875 0.19024658203125 0.18731689453125
0 0.636962890625 0.516845703125 0.1468505859375 0.145843505859375
4 0.3406982421875 0.237884521484375 0.17669677734375 0.173309326171875
5 0.428955078125 0.780517578125 0.133026123046875 0.133209228515625
3 0.27294921875 0.732177734375 0.120574951171875 0.118194580078125
5 0.5849609375 0.7193603515625 0.131561279296875 0.13018798828125
4 0.4564208984375 0.40167236328125 0.17449951171875 0.1724853515625
0 0.4849853515625 0.57177734375 0.1468505859375 0.145294189453125
1 0.751953125 0.37567138671875 0.1878662109375 0.18438720703125
3 0.29638671875 0.522705078125 0.115814208984375 0.11444091796875
2 0.1759033203125 0.38299560546875 0.157562255859375 0.157562255859375
2 0.1275634765625 0.6102294921875 0.160308837890625 0.1578369140625