2 0.3260498046875 0.32989501953125 0.138336181640625 0.1373291015625
2 0.17626953125 0.4666748046875 0.137054443359375 0.1380615234375
1 0.708740234375 0.41448974609375 0.16717529296875 0.162872314453125
4 0.513916015625 0.48095703125 0.151885986328125 0.14996337890625
1 0.739501953125 0.6102294921875 0.16424560546875 0.163970947265625
3 0.339599609375 0.4886474609375 0.103729248046875 0.101898193359375
0 0.585693359375 0.65380859375 0.1285400390625 0.128997802734375
4 0.513916015625 0.3062744140625 0.153717041015625 0.148681640625
0 0.449462890625 0.617919921875 0.126708984375 0.126251220703125
5 0.3055419921875 0.7391357421875 0.117095947265625 0.114990234375
5 0.4461669921875 0.774658203125 0.1146240234375 0.115447998046875
3 0.21728515625 0.62451171875 0.104736328125 0.103179931640625