5 0.4732666015625 0.77392578125 0.115814208984375 0.115264892578125
3 0.21142578125 0.69921875 0.10528564453125 0.103363037109375
5 0.32861328125 0.781982421875 0.11920166015625 0.116455078125
2 0.1253662109375 0.5596923828125 0.139801025390625 0.138519287109375
2 0.2257080078125 0.38482666015625 0.136138916015625 0.135406494140625
1 0.614990234375 0.35260009765625 0.163421630859375 0.160308837890625
4 0.452392578125 0.474365234375 0.149688720703125 0.150787353515625
0 0.5703125 0.617919921875 0.128082275390625 0.12744140625
1 0.704345703125 0.530029296875 0.164520263671875 0.162872314453125
0 0.4300537109375 0.623046875 0.128997802734375 0.126983642578125
3 0.28759765625 0.5325927734375 0.102264404296875 0.101348876953125
4 0.401123046875 0.30755615234375 0.152618408203125 0.148406982421875