1 0.763671875 0.34930419921875 0.1907958984375 0.188232421875
4 0.53369140625 0.226806640625 0.17852783203125 0.17669677734375
2 0.3128662109375 0.25830078125 0.16259765625 0.162322998046875
1 0.808349609375 0.58056640625 0.19244384765625 0.1937255859375
0 0.4677734375 0.594482421875 0.151336669921875 0.151611328125
2 0.1396484375 0.42327880859375 0.163421630859375 0.163421630859375
3 0.3341064453125 0.44488525390625 0.119842529296875 0.1190185546875
3 0.1927490234375 0.6087646484375 0.121856689453125 0.120758056640625
4 0.540283203125 0.4315185546875 0.17669677734375 0.1754150390625
0 0.629638671875 0.63330078125 0.149688720703125 0.149688720703125
5 0.3004150390625 0.74169921875 0.136871337890625 0.135589599609375
5 0.4688720703125 0.780517578125 0.1358642578125 0.136322021484375