5 0.3795166015625 0.775390625 0.1201171875 0.12030029296875
5 0.5234375 0.7376708984375 0.11883544921875 0.1175537109375
0 0.590087890625 0.562255859375 0.13092041015625 0.12945556640625
3 0.289794921875 0.534423828125 0.104461669921875 0.102630615234375
2 0.130126953125 0.5941162109375 0.1417236328125 0.141265869140625
2 0.196044921875 0.399658203125 0.139251708984375 0.139251708984375
4 0.442138671875 0.4425048828125 0.154266357421875 0.15216064453125
0 0.4501953125 0.5955810546875 0.13018798828125 0.12945556640625
3 0.245849609375 0.716796875 0.107574462890625 0.1058349609375
4 0.3564453125 0.28631591796875 0.154815673828125 0.153167724609375
1 0.705078125 0.4490966796875 0.167999267578125 0.164520263671875
1 0.582763671875 0.28887939453125 0.167724609375 0.163970947265625