5 0.428955078125 0.7962646484375 0.12030029296875 0.12030029296875
5 0.5703125 0.7384033203125 0.12139892578125 0.118377685546875
3 0.2872314453125 0.7578125 0.109130859375 0.1087646484375
4 0.44580078125 0.4527587890625 0.15728759765625 0.1556396484375
1 0.711669921875 0.42108154296875 0.17156982421875 0.167449951171875
0 0.4754638671875 0.6058349609375 0.1336669921875 0.1318359375
1 0.565185546875 0.278076171875 0.172760009765625 0.16864013671875
2 0.1912841796875 0.44268798828125 0.142547607421875 0.14227294921875
2 0.154296875 0.65087890625 0.1435546875 0.14300537109375
0 0.611328125 0.552001953125 0.132476806640625 0.131378173828125
4 0.3363037109375 0.30755615234375 0.15838623046875 0.15673828125
3 0.304443359375 0.5673828125 0.106201171875 0.103546142578125