5 0.34033203125 0.787841796875 0.136138916015625 0.13421630859375
3 0.1982421875 0.6995849609375 0.120758056640625 0.11920166015625
1 0.64208984375 0.27423095703125 0.1878662109375 0.18603515625
5 0.50732421875 0.7677001953125 0.1336669921875 0.133026123046875
4 0.389404296875 0.23431396484375 0.173675537109375 0.1739501953125
2 0.0850830078125 0.5443115234375 0.160308837890625 0.1600341796875
0 0.6083984375 0.582763671875 0.147674560546875 0.147857666015625
4 0.4630126953125 0.42327880859375 0.172119140625 0.17303466796875
2 0.191650390625 0.33538818359375 0.157562255859375 0.15618896484375
1 0.755615234375 0.4718017578125 0.18695068359375 0.18695068359375
3 0.275146484375 0.5018310546875 0.115631103515625 0.115631103515625
0 0.447265625 0.597412109375 0.148406982421875 0.14739990234375