2 0.1689453125 0.37127685546875 0.1351318359375 0.134674072265625
3 0.32568359375 0.42218017578125 0.101348876953125 0.100250244140625
2 0.34033203125 0.26507568359375 0.136138916015625 0.136138916015625
4 0.52783203125 0.27459716796875 0.148956298828125 0.147674560546875
4 0.4974365234375 0.4447021484375 0.14923095703125 0.147857666015625
0 0.53662109375 0.6256103515625 0.128082275390625 0.12762451171875
1 0.6962890625 0.41339111328125 0.16259765625 0.1611328125
5 0.247314453125 0.658203125 0.11444091796875 0.11297607421875
5 0.3798828125 0.71826171875 0.11444091796875 0.1131591796875
3 0.18212890625 0.5318603515625 0.102447509765625 0.100250244140625
1 0.69482421875 0.610595703125 0.16424560546875 0.162872314453125
0 0.4102783203125 0.5662841796875 0.125152587890625 0.12579345703125