2 0.193115234375 0.4208984375 0.1358642578125 0.134857177734375
2 0.3560791015625 0.30316162109375 0.135589599609375 0.1351318359375
3 0.3509521484375 0.4615478515625 0.102447509765625 0.100982666015625
4 0.524169921875 0.4754638671875 0.149505615234375 0.149505615234375
0 0.57177734375 0.653076171875 0.12835693359375 0.126983642578125
5 0.285400390625 0.7021484375 0.11480712890625 0.11334228515625
0 0.4417724609375 0.6014404296875 0.12542724609375 0.127166748046875
1 0.720458984375 0.43426513671875 0.16168212890625 0.1600341796875
5 0.4197998046875 0.7552490234375 0.113616943359375 0.113616943359375
1 0.72998046875 0.6314697265625 0.164520263671875 0.1636962890625
3 0.2139892578125 0.578369140625 0.103363037109375 0.101715087890625
4 0.5439453125 0.30316162109375 0.14996337890625 0.146575927734375