3 0.453857421875 0.8028564453125 0.113983154296875 0.113800048828125
4 0.329345703125 0.34197998046875 0.166900634765625 0.165435791015625
0 0.695556640625 0.4783935546875 0.1417236328125 0.139068603515625
4 0.4930419921875 0.44378662109375 0.166259765625 0.166534423828125
1 0.54541015625 0.22369384765625 0.18475341796875 0.1834716796875
5 0.60986328125 0.787109375 0.126983642578125 0.126251220703125
1 0.74462890625 0.3092041015625 0.181915283203125 0.17999267578125
0 0.58349609375 0.58349609375 0.14080810546875 0.139251708984375
5 0.724853515625 0.6761474609375 0.12744140625 0.124969482421875
2 0.239990234375 0.531494140625 0.148956298828125 0.150787353515625
3 0.3974609375 0.6109619140625 0.111328125 0.111328125
2 0.2843017578125 0.749755859375 0.15216064453125 0.151885986328125