4 0.406982421875 0.3150634765625 0.15106201171875 0.14739990234375
1 0.6201171875 0.364501953125 0.163421630859375 0.1600341796875
3 0.2117919921875 0.701416015625 0.103912353515625 0.103179931640625
5 0.327880859375 0.7852783203125 0.11773681640625 0.115814208984375
2 0.1290283203125 0.5611572265625 0.137786865234375 0.137786865234375
5 0.47216796875 0.7801513671875 0.115264892578125 0.1146240234375
3 0.2908935546875 0.5369873046875 0.102447509765625 0.100433349609375
4 0.4549560546875 0.481689453125 0.14813232421875 0.14923095703125
0 0.4307861328125 0.629638671875 0.1292724609375 0.127166748046875
0 0.572509765625 0.6259765625 0.128082275390625 0.127166748046875
2 0.2315673828125 0.38958740234375 0.136322021484375 0.134857177734375
1 0.705810546875 0.541015625 0.1636962890625 0.16259765625