1 0.76953125 0.44415283203125 0.19281005859375 0.1904296875
0 0.585693359375 0.7017822265625 0.15106201171875 0.151611328125
4 0.565185546875 0.28173828125 0.179443359375 0.1754150390625
4 0.53369140625 0.4849853515625 0.178802490234375 0.17724609375
0 0.4329833984375 0.634765625 0.1505126953125 0.151611328125
1 0.7724609375 0.6805419921875 0.19537353515625 0.19537353515625
5 0.2381591796875 0.7493896484375 0.1365966796875 0.136138916015625
5 0.3992919921875 0.8189697265625 0.138519287109375 0.138519287109375
2 0.13818359375 0.40496826171875 0.16259765625 0.16424560546875
3 0.1572265625 0.5992431640625 0.123779296875 0.12158203125
3 0.32568359375 0.4608154296875 0.119842529296875 0.11883544921875
2 0.341064453125 0.27203369140625 0.16259765625 0.1611328125