1 0.59228515625 0.233489990234375 0.18914794921875 0.186676025390625
4 0.34033203125 0.27276611328125 0.174224853515625 0.171844482421875
0 0.65234375 0.5322265625 0.145294189453125 0.143829345703125
5 0.4600830078125 0.8065185546875 0.13201904296875 0.131378173828125
3 0.302978515625 0.7684326171875 0.120758056640625 0.1175537109375
5 0.612060546875 0.7376708984375 0.131103515625 0.12945556640625
4 0.46630859375 0.42840576171875 0.172760009765625 0.170928955078125
1 0.757080078125 0.3868408203125 0.18731689453125 0.182830810546875
0 0.503662109375 0.595947265625 0.14556884765625 0.1435546875
2 0.1854248046875 0.4271240234375 0.155364990234375 0.15618896484375
2 0.152099609375 0.6552734375 0.158660888671875 0.15618896484375
3 0.3143310546875 0.5589599609375 0.116455078125 0.113616943359375