1 0.765869140625 0.6798095703125 0.19482421875 0.19537353515625
1 0.764404296875 0.44378662109375 0.19573974609375 0.19207763671875
4 0.556396484375 0.2806396484375 0.179443359375 0.17578125
4 0.525634765625 0.48388671875 0.1790771484375 0.17816162109375
2 0.1297607421875 0.4033203125 0.164520263671875 0.164886474609375
0 0.578369140625 0.7025146484375 0.151611328125 0.151885986328125
3 0.319091796875 0.4593505859375 0.120758056640625 0.119476318359375
2 0.3341064453125 0.271484375 0.1636962890625 0.161407470703125
5 0.2293701171875 0.7479248046875 0.137603759765625 0.1380615234375
5 0.3905029296875 0.8189697265625 0.137786865234375 0.138336181640625
3 0.1480712890625 0.5963134765625 0.123138427734375 0.122039794921875
0 0.42529296875 0.63330078125 0.151885986328125 0.15289306640625