0 0.644287109375 0.4989013671875 0.1351318359375 0.133209228515625
3 0.3656005859375 0.7757568359375 0.111785888671875 0.11077880859375
1 0.53662109375 0.23431396484375 0.176971435546875 0.17633056640625
4 0.313232421875 0.3150634765625 0.163421630859375 0.16058349609375
5 0.518310546875 0.78271484375 0.124237060546875 0.122955322265625
0 0.52197265625 0.5831298828125 0.1373291015625 0.134857177734375
5 0.6435546875 0.6929931640625 0.1226806640625 0.120941162109375
1 0.71533203125 0.34417724609375 0.17578125 0.1724853515625
3 0.339599609375 0.5831298828125 0.10858154296875 0.107025146484375
4 0.455322265625 0.4366455078125 0.16168212890625 0.16168212890625
2 0.198974609375 0.4842529296875 0.145843505859375 0.14556884765625
2 0.210693359375 0.6988525390625 0.148956298828125 0.145294189453125