1 0.76513671875 0.35772705078125 0.19189453125 0.1885986328125
2 0.3135986328125 0.259674072265625 0.163421630859375 0.163421630859375
2 0.1378173828125 0.4227294921875 0.163421630859375 0.1636962890625
4 0.540283203125 0.43682861328125 0.17816162109375 0.176055908203125
5 0.2952880859375 0.745361328125 0.137603759765625 0.136871337890625
4 0.53515625 0.2315673828125 0.17816162109375 0.17669677734375
0 0.628173828125 0.6409912109375 0.152618408203125 0.15106201171875
0 0.46630859375 0.599609375 0.15106201171875 0.151611328125
3 0.189453125 0.6094970703125 0.122039794921875 0.12139892578125
5 0.4637451171875 0.7852783203125 0.136871337890625 0.137054443359375
1 0.8076171875 0.58935546875 0.19317626953125 0.19281005859375
3 0.332275390625 0.4476318359375 0.1201171875 0.11883544921875