3 0.177734375 0.705810546875 0.120574951171875 0.118560791015625
4 0.324951171875 0.22625732421875 0.17633056640625 0.17449951171875
5 0.326416015625 0.779052734375 0.1351318359375 0.13421630859375
1 0.57763671875 0.24072265625 0.188232421875 0.186676025390625
0 0.57470703125 0.5498046875 0.148406982421875 0.14630126953125
5 0.4915771484375 0.743896484375 0.1336669921875 0.131378173828125
4 0.41357421875 0.40789794921875 0.173309326171875 0.172760009765625
0 0.4154052734375 0.5809326171875 0.14813232421875 0.14630126953125
1 0.710205078125 0.42767333984375 0.18768310546875 0.1856689453125
3 0.2352294921875 0.5025634765625 0.11627197265625 0.116455078125
2 0.13818359375 0.34381103515625 0.15948486328125 0.15728759765625
2 0.065625 0.5609375 0.13125 0.159375