0 0.63916015625 0.519775390625 0.134857177734375 0.1336669921875
1 0.56005859375 0.249053955078125 0.176055908203125 0.1724853515625
4 0.3326416015625 0.3070068359375 0.162322998046875 0.15838623046875
3 0.341064453125 0.76513671875 0.110504150390625 0.10931396484375
5 0.489013671875 0.786376953125 0.122039794921875 0.1212158203125
5 0.62158203125 0.7105712890625 0.122314453125 0.120758056640625
0 0.510986328125 0.59228515625 0.134674072265625 0.133209228515625
1 0.7255859375 0.37567138671875 0.1739501953125 0.171295166015625
4 0.46044921875 0.440673828125 0.1600341796875 0.159210205078125
3 0.3330078125 0.5728759765625 0.107208251953125 0.1058349609375
2 0.2044677734375 0.46337890625 0.14501953125 0.144561767578125
2 0.191650390625 0.6746826171875 0.146575927734375 0.143280029296875