1 0.57470703125 0.237884521484375 0.18988037109375 0.186309814453125
4 0.3201904296875 0.23211669921875 0.17724609375 0.17449951171875
5 0.342529296875 0.783447265625 0.1343994140625 0.13275146484375
3 0.2403564453125 0.5106201171875 0.117095947265625 0.115631103515625
4 0.4161376953125 0.4088134765625 0.17486572265625 0.17303466796875
5 0.505126953125 0.740234375 0.133209228515625 0.131103515625
2 0.07109375 0.5765625 0.1421875 0.159375
3 0.1920166015625 0.7156982421875 0.12030029296875 0.118560791015625
0 0.58056640625 0.54541015625 0.1468505859375 0.145843505859375
2 0.138916015625 0.35662841796875 0.158660888671875 0.157012939453125
0 0.4241943359375 0.581298828125 0.148956298828125 0.14630126953125
1 0.711669921875 0.41851806640625 0.1878662109375 0.18603515625