1 0.566650390625 0.22808837890625 0.186676025390625 0.18438720703125
0 0.658935546875 0.51171875 0.142730712890625 0.140533447265625
3 0.3505859375 0.781982421875 0.116912841796875 0.115631103515625
4 0.327880859375 0.2960205078125 0.170928955078125 0.167999267578125
5 0.5087890625 0.7999267578125 0.13037109375 0.127899169921875
5 0.645751953125 0.7142333984375 0.128814697265625 0.126251220703125
1 0.74462890625 0.3568115234375 0.18438720703125 0.180633544921875
0 0.525634765625 0.5908203125 0.144012451171875 0.1409912109375
4 0.4677734375 0.43389892578125 0.16864013671875 0.16864013671875
3 0.3355712890625 0.578369140625 0.113616943359375 0.112152099609375
2 0.1953125 0.4644775390625 0.151336669921875 0.15234375
2 0.1905517578125 0.6900634765625 0.154815673828125 0.151336669921875