2 0.194580078125 0.44818115234375 0.135589599609375 0.136138916015625
1 0.728515625 0.44122314453125 0.164886474609375 0.16259765625
0 0.4549560546875 0.62158203125 0.12762451171875 0.127899169921875
1 0.743896484375 0.63916015625 0.164886474609375 0.165435791015625
2 0.3553466796875 0.32403564453125 0.136871337890625 0.1358642578125
4 0.544677734375 0.31671142578125 0.15106201171875 0.147125244140625
3 0.355712890625 0.4835205078125 0.102813720703125 0.101348876953125
0 0.587158203125 0.6680908203125 0.129913330078125 0.1285400390625
4 0.53076171875 0.48974609375 0.1505126953125 0.148406982421875
5 0.4381103515625 0.7772216796875 0.1146240234375 0.115631103515625
5 0.300048828125 0.7296142578125 0.115264892578125 0.1146240234375
3 0.222412109375 0.6080322265625 0.104278564453125 0.102447509765625