4 0.324951171875 0.30828857421875 0.1611328125 0.15728759765625
3 0.3143310546875 0.7655029296875 0.110504150390625 0.109130859375
1 0.552001953125 0.2593994140625 0.174224853515625 0.171295166015625
0 0.623046875 0.5318603515625 0.134857177734375 0.133026123046875
5 0.595947265625 0.72265625 0.12139892578125 0.119476318359375
5 0.4600830078125 0.79296875 0.12139892578125 0.120758056640625
3 0.314697265625 0.573974609375 0.1065673828125 0.1058349609375
4 0.447998046875 0.44598388671875 0.160308837890625 0.158935546875
1 0.713134765625 0.392333984375 0.174224853515625 0.170379638671875
0 0.4908447265625 0.59814453125 0.13421630859375 0.133026123046875
2 0.1707763671875 0.66845703125 0.14630126953125 0.143280029296875
2 0.190185546875 0.4586181640625 0.143280029296875 0.144287109375