3 0.1898193359375 0.7010498046875 0.120758056640625 0.118194580078125
5 0.3326416015625 0.78564453125 0.134674072265625 0.133941650390625
5 0.499267578125 0.7633056640625 0.132476806640625 0.13275146484375
1 0.626708984375 0.26873779296875 0.186309814453125 0.186676025390625
4 0.3736572265625 0.23321533203125 0.1739501953125 0.174224853515625
4 0.44873046875 0.4205322265625 0.171844482421875 0.173675537109375
2 0.07734375 0.54609375 0.1546875 0.1609375
0 0.598876953125 0.5765380859375 0.14739990234375 0.147125244140625
2 0.177734375 0.33575439453125 0.158935546875 0.156463623046875
1 0.743896484375 0.464111328125 0.18603515625 0.186309814453125
0 0.437744140625 0.5941162109375 0.14813232421875 0.14739990234375
3 0.2626953125 0.5018310546875 0.11627197265625 0.115814208984375