2 0.3165283203125 0.3370361328125 0.138336181640625 0.137786865234375
4 0.5146484375 0.4747314453125 0.151336669921875 0.14923095703125
2 0.177001953125 0.483154296875 0.136871337890625 0.1373291015625
1 0.702880859375 0.39434814453125 0.16571044921875 0.161956787109375
1 0.7490234375 0.590087890625 0.164886474609375 0.164886474609375
0 0.59814453125 0.6424560546875 0.1285400390625 0.12835693359375
0 0.4608154296875 0.6153564453125 0.128814697265625 0.128082275390625
4 0.503662109375 0.30023193359375 0.151885986328125 0.148681640625
5 0.3238525390625 0.7464599609375 0.116912841796875 0.115264892578125
3 0.341064453125 0.494140625 0.102996826171875 0.102447509765625
3 0.22900390625 0.6376953125 0.104736328125 0.103363037109375
5 0.4666748046875 0.7724609375 0.115631103515625 0.115631103515625