1 0.5908203125 0.23541259765625 0.188232421875 0.18603515625
4 0.3436279296875 0.2857666015625 0.17449951171875 0.170654296875
0 0.663330078125 0.5296630859375 0.14556884765625 0.14227294921875
3 0.3297119140625 0.7794189453125 0.119659423828125 0.11773681640625
5 0.487548828125 0.8087158203125 0.13092041015625 0.129730224609375
5 0.634765625 0.7340087890625 0.13037109375 0.128814697265625
4 0.47509765625 0.43499755859375 0.170928955078125 0.170379638671875
1 0.761474609375 0.37896728515625 0.1856689453125 0.18255615234375
0 0.521240234375 0.598876953125 0.14556884765625 0.143280029296875
3 0.3311767578125 0.57177734375 0.114990234375 0.11297607421875
2 0.1978759765625 0.44598388671875 0.155914306640625 0.1556396484375
2 0.1748046875 0.6739501953125 0.15728759765625 0.15509033203125