1 0.708740234375 0.41632080078125 0.167449951171875 0.16168212890625
2 0.3275146484375 0.32806396484375 0.137786865234375 0.136138916015625
1 0.73876953125 0.61279296875 0.164520263671875 0.163970947265625
2 0.17626953125 0.4628613471984863 0.137054443359375 0.137786865234375
4 0.51611328125 0.30682373046875 0.15289306640625 0.148681640625
4 0.513916015625 0.48095703125 0.151336669921875 0.149688720703125
0 0.584228515625 0.65380859375 0.128997802734375 0.128997802734375
0 0.4476318359375 0.616455078125 0.127899169921875 0.12744140625
3 0.3399658203125 0.4871826171875 0.102996826171875 0.101898193359375
3 0.2158203125 0.6212158203125 0.104736328125 0.102813720703125
5 0.4432373046875 0.77392578125 0.115447998046875 0.115447998046875
5 0.3026123046875 0.7373046875 0.116455078125 0.115447998046875