3 0.412109375 0.798095703125 0.115631103515625 0.11444091796875
0 0.673583984375 0.4893798828125 0.14154052734375 0.139068603515625
5 0.6904296875 0.689697265625 0.128082275390625 0.124969482421875
4 0.3172607421875 0.32989501953125 0.167999267578125 0.165985107421875
5 0.56884765625 0.79296875 0.12762451171875 0.12652587890625
1 0.541015625 0.22625732421875 0.18475341796875 0.183746337890625
1 0.733642578125 0.32330322265625 0.180999755859375 0.177886962890625
0 0.554931640625 0.5875244140625 0.141265869140625 0.1395263671875
4 0.4739990234375 0.44140625 0.166534423828125 0.167999267578125
2 0.21435546875 0.5120849609375 0.148956298828125 0.15106201171875
3 0.3677978515625 0.6021728515625 0.111785888671875 0.11077880859375
2 0.24365234375 0.733642578125 0.153717041015625 0.151336669921875