4 0.338134765625 0.28887939453125 0.17156982421875 0.16827392578125
1 0.579833984375 0.225250244140625 0.1856689453125 0.18438720703125
3 0.35205078125 0.7764892578125 0.118560791015625 0.115814208984375
5 0.509521484375 0.7977294921875 0.129913330078125 0.1285400390625
5 0.650146484375 0.714599609375 0.129730224609375 0.127166748046875
1 0.75634765625 0.35791015625 0.185028076171875 0.181549072265625
4 0.4769287109375 0.428955078125 0.170928955078125 0.169189453125
2 0.2037353515625 0.4556884765625 0.153167724609375 0.153717041015625
3 0.3414306640625 0.5706787109375 0.113983154296875 0.111785888671875
0 0.53076171875 0.5889892578125 0.143829345703125 0.141265869140625
2 0.1934814453125 0.6812744140625 0.15673828125 0.152618408203125
0 0.6669921875 0.51171875 0.14300537109375 0.14227294921875