1 0.789306640625 0.402587890625 0.19482421875 0.19189453125
4 0.556396484375 0.4637451171875 0.178802490234375 0.17852783203125
0 0.4666748046875 0.6201171875 0.150238037109375 0.15289306640625
2 0.1517333984375 0.41375732421875 0.16424560546875 0.164520263671875
4 0.569580078125 0.25665283203125 0.178802490234375 0.1776123046875
1 0.812744140625 0.6395263671875 0.19573974609375 0.19647216796875
3 0.346923828125 0.4549560546875 0.12139892578125 0.1201171875
2 0.3447265625 0.265533447265625 0.16314697265625 0.16314697265625
5 0.44873046875 0.8079833984375 0.1373291015625 0.1380615234375
5 0.2828369140625 0.752685546875 0.1373291015625 0.137603759765625
0 0.626708984375 0.6754150390625 0.152618408203125 0.151336669921875
3 0.18798828125 0.6072998046875 0.123138427734375 0.122955322265625