5 0.4688720703125 0.780517578125 0.11444091796875 0.1146240234375
2 0.1297607421875 0.55859375 0.137054443359375 0.1365966796875
1 0.62158203125 0.36761474609375 0.163421630859375 0.1600341796875
5 0.32568359375 0.7845458984375 0.116455078125 0.114990234375
0 0.4300537109375 0.6307373046875 0.128814697265625 0.126983642578125
0 0.571044921875 0.6285400390625 0.12945556640625 0.127899169921875
2 0.2337646484375 0.3890380859375 0.135406494140625 0.134857177734375
4 0.4564208984375 0.4827880859375 0.148681640625 0.148956298828125
1 0.705078125 0.5450439453125 0.16314697265625 0.16168212890625
3 0.2110595703125 0.6983349800109864 0.103179931640625 0.102447509765625
3 0.2919921875 0.53662109375 0.102264404296875 0.100250244140625
4 0.4091796875 0.31671142578125 0.150238037109375 0.14739990234375