0 0.67138671875 0.4930419921875 0.1402587890625 0.1387939453125
1 0.53955078125 0.22808837890625 0.1834716796875 0.182830810546875
4 0.4732666015625 0.44415283203125 0.16571044921875 0.166900634765625
3 0.4080810546875 0.80029296875 0.115264892578125 0.113800048828125
4 0.3154296875 0.33099365234375 0.16827392578125 0.1651611328125
5 0.565185546875 0.7958984375 0.12744140625 0.126251220703125
0 0.552734375 0.58935546875 0.1409912109375 0.138519287109375
1 0.73291015625 0.3267822265625 0.180633544921875 0.17816162109375
5 0.6875 0.6929931640625 0.127166748046875 0.124969482421875
2 0.2125244140625 0.513916015625 0.14996337890625 0.1505126953125
3 0.3648681640625 0.60400390625 0.111328125 0.110504150390625
2 0.238525390625 0.7347412109375 0.15289306640625 0.15106201171875