2 0.44375 0.190625 0.221875 0.221875
1 0.80234375 0.47734375 0.259375 0.2578125
1 0.73828125 0.703125 0.2609375 0.2609375
3 0.178125 0.4484375 0.165625 0.165625
2 0.21484375 0.25859375 0.221875 0.221875
0 0.55546875 0.66953125 0.2046875 0.2046875
0 0.42890625 0.5609375 0.2046875 0.2046875
4 0.56796875 0.44921875 0.240625 0.2390625
4 0.65625 0.2640625 0.240625 0.2390625
3 0.37734375 0.365625 0.1609375 0.1609375
5 0.21328125 0.61640625 0.1859375 0.1859375
5 0.3453125 0.72578125 0.1859375 0.1859375