1 0.7548828125 0.44232177734375 0.1944580078125 0.191162109375
0 0.56884765625 0.698486328125 0.15289306640625 0.152618408203125
5 0.21875 0.7435302734375 0.137054443359375 0.1365966796875
0 0.4150390625 0.6307373046875 0.149688720703125 0.151611328125
4 0.5498046875 0.2777099609375 0.17816162109375 0.17669677734375
1 0.75634765625 0.6783447265625 0.19610595703125 0.19537353515625
4 0.518310546875 0.481689453125 0.17852783203125 0.17816162109375
5 0.3798828125 0.81494140625 0.139068603515625 0.1395263671875
2 0.1209716796875 0.39801025390625 0.162872314453125 0.1636962890625
3 0.13818359375 0.591552734375 0.1234130859375 0.1226806640625
3 0.3095703125 0.455322265625 0.1212158203125 0.119659423828125
2 0.3253173828125 0.26654052734375 0.16314697265625 0.161407470703125