3 0.4696044921875 0.7947998046875 0.11279296875 0.112518310546875
0 0.710205078125 0.4725341796875 0.14080810546875 0.1380615234375
5 0.6259765625 0.7794189453125 0.12652587890625 0.12542724609375
4 0.509521484375 0.43792724609375 0.1636962890625 0.16571044921875
4 0.3458251953125 0.33685302734375 0.16424560546875 0.164520263671875
1 0.560791015625 0.22113037109375 0.1834716796875 0.182830810546875
1 0.75927734375 0.304443359375 0.181549072265625 0.1776123046875
0 0.597412109375 0.576171875 0.139068603515625 0.1387939453125
5 0.740234375 0.6695556640625 0.126708984375 0.124053955078125
3 0.4150390625 0.6043701171875 0.109954833984375 0.11077880859375
2 0.2579345703125 0.5245361328125 0.147674560546875 0.148956298828125
2 0.30078125 0.742431640625 0.151336669921875 0.150238037109375