2 0.3165283203125 0.33282470703125 0.1387939453125 0.138336181640625
1 0.7021484375 0.401123046875 0.166259765625 0.162872314453125
2 0.172607421875 0.477294921875 0.1380615234375 0.137786865234375
4 0.51171875 0.4761962890625 0.152618408203125 0.149688720703125
1 0.742431640625 0.5963134765625 0.16571044921875 0.16571044921875
3 0.3370361328125 0.491943359375 0.102996826171875 0.102264404296875
5 0.455322265625 0.773193359375 0.115631103515625 0.116455078125
0 0.5908203125 0.6461181640625 0.13037109375 0.13018798828125
5 0.3125 0.743896484375 0.117095947265625 0.115814208984375
0 0.4527587890625 0.6160888671875 0.1285400390625 0.12835693359375
4 0.503662109375 0.3018798828125 0.15216064453125 0.14923095703125
3 0.2198486328125 0.6318359375 0.104736328125 0.103546142578125