2 0.18212890625 0.399658203125 0.134857177734375 0.134857177734375
2 0.3487548828125 0.28668212890625 0.1358642578125 0.135406494140625
0 0.428955078125 0.58642578125 0.126068115234375 0.126251220703125
4 0.53662109375 0.29071044921875 0.149505615234375 0.147125244140625
1 0.710205078125 0.42401123046875 0.1636962890625 0.161956787109375
1 0.7138671875 0.6212158203125 0.16259765625 0.162322998046875
4 0.51025390625 0.4615478515625 0.14923095703125 0.148681640625
0 0.557861328125 0.641357421875 0.126983642578125 0.126708984375
5 0.4029541015625 0.7391357421875 0.113983154296875 0.1146240234375
5 0.269287109375 0.6827392578125 0.113616943359375 0.1131591796875
3 0.3388671875 0.44378662109375 0.101531982421875 0.099517822265625
3 0.19970703125 0.55859375 0.103729248046875 0.101348876953125