3 0.2015380859375 0.721923828125 0.1201171875 0.1175537109375
1 0.5732421875 0.235137939453125 0.18914794921875 0.18603515625
4 0.319091796875 0.235687255859375 0.17633056640625 0.173675537109375
5 0.354248046875 0.784912109375 0.133941650390625 0.133026123046875
0 0.587158203125 0.5428466796875 0.1461181640625 0.14556884765625
5 0.515380859375 0.740234375 0.133209228515625 0.13092041015625
4 0.4190673828125 0.4088134765625 0.172760009765625 0.17156982421875
1 0.714599609375 0.4124755859375 0.18768310546875 0.18475341796875
2 0.1396484375 0.364501953125 0.158660888671875 0.157012939453125
0 0.4296875 0.5823974609375 0.146575927734375 0.14483642578125
2 0.075 0.5859375 0.15 0.159375
3 0.245849609375 0.5157470703125 0.11737060546875 0.115264892578125