5 0.3765869140625 0.787109375 0.120941162109375 0.119659423828125
5 0.519775390625 0.7420654296875 0.119842529296875 0.1175537109375
3 0.2388916015625 0.73583984375 0.1083984375 0.107391357421875
4 0.42236328125 0.4498291015625 0.157012939453125 0.154541015625
0 0.43701171875 0.603271484375 0.133209228515625 0.131103515625
1 0.685302734375 0.44122314453125 0.167999267578125 0.166534423828125
2 0.1715087890625 0.4197998046875 0.14080810546875 0.139984130859375
1 0.553466796875 0.2886962890625 0.169464111328125 0.166534423828125
3 0.271484375 0.5509033203125 0.104278564453125 0.103363037109375
2 0.11712646484375 0.61865234375 0.143829345703125 0.143280029296875
0 0.57470703125 0.562255859375 0.130645751953125 0.13037109375
4 0.3267822265625 0.29730224609375 0.1578369140625 0.153717041015625