0 0.462646484375 0.595947265625 0.12945556640625 0.127899169921875
2 0.1700439453125 0.484619140625 0.138519287109375 0.138519287109375
2 0.3004150390625 0.327880859375 0.136871337890625 0.137054443359375
4 0.508056640625 0.4527587890625 0.153167724609375 0.14996337890625
3 0.2330322265625 0.634033203125 0.10491943359375 0.103729248046875
5 0.3348388671875 0.736572265625 0.116912841796875 0.1160888671875
0 0.601806640625 0.6142578125 0.12945556640625 0.12835693359375
3 0.3355712890625 0.483154296875 0.103729248046875 0.102264404296875
5 0.4813232421875 0.751953125 0.116729736328125 0.115631103515625
1 0.689697265625 0.36083984375 0.16571044921875 0.16168212890625
1 0.748291015625 0.549072265625 0.16571044921875 0.164520263671875
4 0.4842529296875 0.2791748046875 0.15289306640625 0.150787353515625