1 0.78564453125 0.424560546875 0.1944580078125 0.19317626953125
0 0.4501953125 0.6201171875 0.151336669921875 0.151885986328125
4 0.5498046875 0.4674072265625 0.17852783203125 0.17724609375
0 0.604736328125 0.685302734375 0.150787353515625 0.15216064453125
4 0.576171875 0.26416015625 0.177886962890625 0.176055908203125
5 0.2564697265625 0.7376708984375 0.136871337890625 0.137054443359375
2 0.1502685546875 0.39398193359375 0.1636962890625 0.1636962890625
5 0.418701171875 0.8057861328125 0.137054443359375 0.139068603515625
1 0.79296875 0.6622314453125 0.19537353515625 0.197021484375
2 0.35205078125 0.258941650390625 0.163421630859375 0.162872314453125
3 0.1722412109375 0.587890625 0.1226806640625 0.122039794921875
3 0.3414306640625 0.44818115234375 0.120941162109375 0.119476318359375