2 0.3458251953125 0.25738525390625 0.136138916015625 0.136138916015625
4 0.5322265625 0.270751953125 0.14813232421875 0.14739990234375
3 0.3282470703125 0.41412353515625 0.102264404296875 0.101348876953125
1 0.70068359375 0.4132080078125 0.163970947265625 0.16168212890625
4 0.5 0.4395751953125 0.147857666015625 0.14813232421875
2 0.17041015625 0.3619384765625 0.1351318359375 0.134674072265625
3 0.1824951171875 0.5216064453125 0.103363037109375 0.101715087890625
0 0.53662109375 0.622314453125 0.12835693359375 0.12762451171875
5 0.2454833984375 0.64794921875 0.113616943359375 0.11279296875
1 0.694091796875 0.609130859375 0.16424560546875 0.16314697265625
5 0.3773193359375 0.7120361328125 0.11444091796875 0.11297607421875
0 0.4102783203125 0.5604248046875 0.126068115234375 0.12579345703125