3 0.3992919921875 0.7860107421875 0.11151123046875 0.110504150390625
0 0.65234375 0.4820556640625 0.1365966796875 0.135589599609375
4 0.3026123046875 0.329345703125 0.163970947265625 0.161956787109375
5 0.552001953125 0.780517578125 0.12469482421875 0.122955322265625
1 0.51904296875 0.22735595703125 0.178802490234375 0.17852783203125
4 0.458251953125 0.43829345703125 0.16058349609375 0.161956787109375
1 0.70947265625 0.32147216796875 0.176971435546875 0.173309326171875
0 0.53662109375 0.5787353515625 0.1380615234375 0.1373291015625
5 0.67138671875 0.6783447265625 0.124969482421875 0.122039794921875
3 0.3553466796875 0.595947265625 0.109771728515625 0.10858154296875
2 0.204833984375 0.509521484375 0.1461181640625 0.14739990234375
2 0.2352294921875 0.724853515625 0.148956298828125 0.147857666015625