0 0.458251953125 0.5926513671875 0.1292724609375 0.1285400390625
2 0.2930908203125 0.3267822265625 0.137603759765625 0.1365966796875
0 0.597412109375 0.6087646484375 0.1285400390625 0.128814697265625
2 0.1649169921875 0.4849853515625 0.137786865234375 0.138336181640625
3 0.2293701171875 0.63330078125 0.1051025390625 0.103363037109375
1 0.68310546875 0.3538818359375 0.16571044921875 0.161407470703125
3 0.329345703125 0.482421875 0.102813720703125 0.102630615234375
4 0.50146484375 0.44964599609375 0.150787353515625 0.15106201171875
4 0.4747314453125 0.27587890625 0.151336669921875 0.149505615234375
5 0.332275390625 0.7340087890625 0.116455078125 0.11627197265625
5 0.477294921875 0.7486572265625 0.115631103515625 0.11480712890625
1 0.743896484375 0.5439453125 0.1651611328125 0.1651611328125