0 0.5791015625 0.664794921875 0.128082275390625 0.127899169921875
4 0.51611328125 0.48974609375 0.151885986328125 0.149505615234375
4 0.524169921875 0.314697265625 0.15106201171875 0.147857666015625
0 0.445068359375 0.6219482421875 0.12542724609375 0.127166748046875
5 0.43408203125 0.7786865234375 0.1146240234375 0.115631103515625
1 0.735107421875 0.6285400390625 0.16424560546875 0.163421630859375
2 0.3363037109375 0.32952880859375 0.138336181640625 0.137054443359375
5 0.2952880859375 0.73583984375 0.115264892578125 0.11444091796875
1 0.71240234375 0.43243408203125 0.16571044921875 0.162872314453125
2 0.1810302734375 0.46044921875 0.1351318359375 0.136138916015625
3 0.3414306640625 0.4886474609375 0.102264404296875 0.100799560546875
3 0.2139892578125 0.6175537109375 0.103729248046875 0.102813720703125