4 0.512451171875 0.4776611328125 0.151336669921875 0.14923095703125
2 0.31982421875 0.3326416015625 0.137786865234375 0.1380615234375
1 0.74169921875 0.601806640625 0.16424560546875 0.163970947265625
2 0.172607421875 0.4732666015625 0.137054443359375 0.137054443359375
1 0.70361328125 0.40716552734375 0.165985107421875 0.1636962890625
3 0.338134765625 0.4915771484375 0.103179931640625 0.102447509765625
5 0.3095703125 0.742431640625 0.1175537109375 0.115447998046875
5 0.45166015625 0.7742919921875 0.1160888671875 0.1160888671875
0 0.58935546875 0.6494140625 0.130645751953125 0.12945556640625
0 0.4512939453125 0.6171875 0.127899169921875 0.12744140625
3 0.21875 0.629638671875 0.10528564453125 0.103546142578125
4 0.50732421875 0.3033447265625 0.152618408203125 0.148956298828125