3 0.3092041015625 0.446533203125 0.1190185546875 0.11883544921875
1 0.795166015625 0.5380859375 0.19317626953125 0.1937255859375
1 0.72998046875 0.3125 0.19281005859375 0.19024658203125
0 0.62158203125 0.6072998046875 0.15106201171875 0.150238037109375
4 0.513916015625 0.4150390625 0.17816162109375 0.176971435546875
5 0.304443359375 0.746826171875 0.138336181640625 0.135406494140625
0 0.45751953125 0.5838623046875 0.14996337890625 0.14996337890625
2 0.11328125 0.44305419921875 0.16424560546875 0.164520263671875
5 0.4747314453125 0.76953125 0.1358642578125 0.136322021484375
3 0.1846923828125 0.6234130859375 0.12249755859375 0.120941162109375
4 0.4912109375 0.21087646484375 0.17999267578125 0.179443359375
2 0.2718505859375 0.26141357421875 0.1636962890625 0.163421630859375