5 0.516845703125 0.7750244140625 0.1234130859375 0.1226806640625
3 0.3648681640625 0.77392578125 0.111328125 0.110504150390625
1 0.515380859375 0.225250244140625 0.178802490234375 0.17669677734375
0 0.6318359375 0.4871826171875 0.136138916015625 0.1351318359375
4 0.294921875 0.3143310546875 0.163421630859375 0.1611328125
1 0.69775390625 0.329345703125 0.1754150390625 0.172760009765625
0 0.512451171875 0.57470703125 0.136322021484375 0.135406494140625
5 0.639892578125 0.68017578125 0.122039794921875 0.1212158203125
3 0.3311767578125 0.581298828125 0.10858154296875 0.10858154296875
4 0.4410400390625 0.43133544921875 0.158660888671875 0.1611328125
2 0.187255859375 0.4886474609375 0.144561767578125 0.1468505859375
2 0.20556640625 0.702880859375 0.148406982421875 0.145843505859375