4 0.5146484375 0.4871826171875 0.15106201171875 0.148406982421875
4 0.522705078125 0.31231689453125 0.151611328125 0.14813232421875
1 0.735107421875 0.62451171875 0.164520263671875 0.163421630859375
2 0.3341064453125 0.32861328125 0.137603759765625 0.136322021484375
0 0.58056640625 0.661865234375 0.128082275390625 0.12762451171875
5 0.4366455078125 0.7764892578125 0.114166259765625 0.115814208984375
1 0.711669921875 0.4278564453125 0.16717529296875 0.16314697265625
3 0.341064453125 0.487548828125 0.102813720703125 0.101715087890625
2 0.1802978515625 0.46044921875 0.1351318359375 0.1365966796875
5 0.29638671875 0.735107421875 0.115447998046875 0.1146240234375
0 0.4454345703125 0.6201171875 0.12652587890625 0.126708984375
3 0.2147216796875 0.617919921875 0.103912353515625 0.102813720703125