1 0.56298828125 0.240997314453125 0.17852783203125 0.17449951171875
0 0.65234375 0.510986328125 0.1358642578125 0.1336669921875
4 0.3363037109375 0.30828857421875 0.16259765625 0.159210205078125
3 0.3612060546875 0.7684326171875 0.111968994140625 0.110137939453125
5 0.51171875 0.7838134765625 0.124237060546875 0.122314453125
5 0.64208984375 0.7032470703125 0.121856689453125 0.12030029296875
0 0.525634765625 0.587158203125 0.135406494140625 0.133209228515625
1 0.733642578125 0.3612060546875 0.1754150390625 0.1724853515625
4 0.470703125 0.43719482421875 0.160308837890625 0.160308837890625
3 0.3465576171875 0.5750732421875 0.108123779296875 0.10638427734375
2 0.213623046875 0.4696044921875 0.14556884765625 0.14556884765625
2 0.2103271484375 0.682373046875 0.148681640625 0.144012451171875