5 0.519775390625 0.783447265625 0.12359619140625 0.121856689453125
3 0.3692626953125 0.775390625 0.111785888671875 0.109771728515625
1 0.54541015625 0.237335205078125 0.17852783203125 0.175140380859375
0 0.64794921875 0.5025634765625 0.1351318359375 0.13275146484375
4 0.3216552734375 0.31561279296875 0.161407470703125 0.159210205078125
5 0.647216796875 0.6962890625 0.12359619140625 0.120758056640625
1 0.721923828125 0.34912109375 0.175140380859375 0.17156982421875
0 0.52490234375 0.5849609375 0.1365966796875 0.133941650390625
4 0.4619140625 0.43829345703125 0.158935546875 0.159759521484375
3 0.3447265625 0.582763671875 0.107940673828125 0.107025146484375
2 0.206298828125 0.483154296875 0.144561767578125 0.14483642578125
2 0.213623046875 0.6973876953125 0.148406982421875 0.14501953125