3 0.41943359375 0.798828125 0.11480712890625 0.113800048828125
0 0.672119140625 0.4835205078125 0.141265869140625 0.1387939453125
4 0.31103515625 0.333740234375 0.167449951171875 0.1651611328125
4 0.471435546875 0.44122314453125 0.165435791015625 0.166900634765625
5 0.575439453125 0.7900390625 0.126708984375 0.126068115234375
1 0.53076171875 0.223968505859375 0.184112548828125 0.1834716796875
0 0.5556640625 0.5849609375 0.14080810546875 0.1395263671875
1 0.728515625 0.31689453125 0.1812744140625 0.178802490234375
5 0.695556640625 0.6834716796875 0.127899169921875 0.124969482421875
2 0.2132568359375 0.5201416015625 0.14923095703125 0.1505126953125
3 0.368896484375 0.6051025390625 0.111785888671875 0.1109619140625
2 0.24951171875 0.740234375 0.15289306640625 0.151336669921875