3 0.216552734375 0.7237548828125 0.12030029296875 0.11737060546875
4 0.3216552734375 0.2359619140625 0.175140380859375 0.172760009765625
1 0.575439453125 0.228912353515625 0.18896484375 0.186309814453125
5 0.3692626953125 0.783447265625 0.134674072265625 0.133209228515625
0 0.5966796875 0.535888671875 0.147125244140625 0.14630126953125
4 0.4256591796875 0.40716552734375 0.173309326171875 0.17156982421875
5 0.530029296875 0.7340087890625 0.13275146484375 0.13037109375
1 0.720458984375 0.40313720703125 0.186676025390625 0.18475341796875
2 0.1466064453125 0.3681640625 0.15728759765625 0.15673828125
0 0.442138671875 0.578369140625 0.147857666015625 0.14556884765625
2 0.0796875 0.58984375 0.159375 0.1578125
3 0.2557373046875 0.5172119140625 0.11627197265625 0.114990234375