5 0.5263671875 0.7376708984375 0.118194580078125 0.1175537109375
3 0.248046875 0.7156982421875 0.107208251953125 0.10565185546875
5 0.3809814453125 0.774658203125 0.11920166015625 0.119659423828125
4 0.4447021484375 0.44195556640625 0.1534423828125 0.15234375
1 0.70947265625 0.4498291015625 0.165985107421875 0.165435791015625
2 0.2015380859375 0.39874267578125 0.138336181640625 0.1387939453125
2 0.1334228515625 0.5926513671875 0.14154052734375 0.141265869140625
0 0.45166015625 0.595947265625 0.13037109375 0.129913330078125
3 0.2923583984375 0.534423828125 0.104278564453125 0.102630615234375
1 0.5849609375 0.289794921875 0.166900634765625 0.162872314453125
4 0.36083984375 0.28631591796875 0.155364990234375 0.15289306640625
0 0.59228515625 0.5640869140625 0.129913330078125 0.129913330078125