2 0.19091796875 0.4154052734375 0.1358642578125 0.134857177734375
3 0.34912109375 0.45751953125 0.101898193359375 0.100433349609375
2 0.35498046875 0.29931640625 0.135406494140625 0.1351318359375
4 0.52197265625 0.4725341796875 0.14923095703125 0.148956298828125
4 0.541015625 0.301513671875 0.14996337890625 0.1468505859375
3 0.2110595703125 0.57470703125 0.103729248046875 0.101715087890625
1 0.71826171875 0.43206787109375 0.16314697265625 0.1611328125
0 0.56884765625 0.65087890625 0.127899169921875 0.12652587890625
5 0.2828369140625 0.6981201171875 0.114990234375 0.11297607421875
5 0.4161376953125 0.752685546875 0.11334228515625 0.112518310546875
1 0.726318359375 0.62890625 0.162322998046875 0.162322998046875
0 0.4403076171875 0.59814453125 0.12579345703125 0.12579345703125