4 0.45166015625 0.222137451171875 0.1754150390625 0.173675537109375
1 0.69921875 0.28375244140625 0.1904296875 0.186309814453125
5 0.521240234375 0.7640380859375 0.1336669921875 0.13348388671875
3 0.2205810546875 0.66845703125 0.1212158203125 0.11920166015625
5 0.3538818359375 0.7684326171875 0.1351318359375 0.13348388671875
2 0.12298583984375 0.50439453125 0.16168212890625 0.16058349609375
1 0.7958984375 0.4915771484375 0.18914794921875 0.18896484375
2 0.247314453125 0.3037109375 0.160308837890625 0.159210205078125
4 0.506591796875 0.4176025390625 0.174224853515625 0.1739501953125
3 0.3128662109375 0.478759765625 0.11773681640625 0.1160888671875
0 0.640625 0.587158203125 0.1505126953125 0.14739990234375
0 0.4769287109375 0.5875244140625 0.148681640625 0.14739990234375