1 0.7255859375 0.30828857421875 0.19281005859375 0.19024658203125
1 0.795166015625 0.5333251953125 0.19207763671875 0.19317626953125
4 0.51318359375 0.4154052734375 0.17852783203125 0.17669677734375
4 0.486083984375 0.21087646484375 0.18035888671875 0.17816162109375
0 0.622314453125 0.60546875 0.150238037109375 0.14996337890625
3 0.30810546875 0.44964599609375 0.118560791015625 0.118194580078125
0 0.4578857421875 0.5845947265625 0.149688720703125 0.149505615234375
3 0.1861572265625 0.62744140625 0.12139892578125 0.120574951171875
2 0.112548828125 0.44818115234375 0.164886474609375 0.164886474609375
2 0.2674560546875 0.265533447265625 0.162872314453125 0.162872314453125
5 0.3062744140625 0.7493896484375 0.137603759765625 0.1351318359375
5 0.47802734375 0.76806640625 0.135589599609375 0.136138916015625