4 0.2938232421875 0.32550048828125 0.16259765625 0.160308837890625
0 0.63916015625 0.4857177734375 0.136871337890625 0.134674072265625
5 0.5322265625 0.7786865234375 0.123779296875 0.122314453125
3 0.3798828125 0.78125 0.111328125 0.110137939453125
5 0.65234375 0.68017578125 0.1234130859375 0.1212158203125
1 0.513916015625 0.22735595703125 0.1776123046875 0.17633056640625
1 0.69921875 0.3260498046875 0.1754150390625 0.172119140625
3 0.3406982421875 0.590087890625 0.107940673828125 0.10638427734375
0 0.52197265625 0.578369140625 0.137603759765625 0.136871337890625
4 0.446533203125 0.436279296875 0.160308837890625 0.161956787109375
2 0.1923828125 0.5003662109375 0.14501953125 0.14739990234375
2 0.21728515625 0.7149658203125 0.148956298828125 0.146575927734375