3 0.4666748046875 0.7999267578125 0.11279296875 0.1131591796875
0 0.70654296875 0.47509765625 0.1409912109375 0.138519287109375
4 0.34033203125 0.3414306640625 0.16717529296875 0.165435791015625
5 0.623779296875 0.7838134765625 0.12762451171875 0.126708984375
1 0.5556640625 0.221405029296875 0.1834716796875 0.182830810546875
1 0.7548828125 0.305908203125 0.181549072265625 0.17816162109375
0 0.59521484375 0.579833984375 0.1395263671875 0.1395263671875
5 0.7373046875 0.6724853515625 0.126983642578125 0.12451171875
4 0.505126953125 0.44140625 0.1636962890625 0.165435791015625
2 0.25244140625 0.5296630859375 0.14813232421875 0.1505126953125
3 0.4102783203125 0.6087646484375 0.110321044921875 0.11077880859375
2 0.2960205078125 0.7471923828125 0.152618408203125 0.150787353515625