0 0.634033203125 0.4849853515625 0.136322021484375 0.1351318359375
3 0.37255859375 0.777587890625 0.11151123046875 0.109771728515625
1 0.512451171875 0.2249755859375 0.178802490234375 0.17724609375
4 0.2923583984375 0.31927490234375 0.1636962890625 0.1600341796875
4 0.4432373046875 0.4329833984375 0.1600341796875 0.160858154296875
5 0.52490234375 0.776123046875 0.12451171875 0.122314453125
1 0.69775390625 0.32568359375 0.17669677734375 0.173309326171875
5 0.646484375 0.6790771484375 0.12451171875 0.12139892578125
0 0.516845703125 0.5758056640625 0.136871337890625 0.1358642578125
3 0.33447265625 0.58642578125 0.10858154296875 0.107940673828125
2 0.1883544921875 0.4945068359375 0.14501953125 0.1468505859375
2 0.210693359375 0.710205078125 0.149688720703125 0.14630126953125