5 0.52197265625 0.746826171875 0.11920166015625 0.116455078125
3 0.247314453125 0.7149658203125 0.1065673828125 0.1051025390625
4 0.452392578125 0.45037841796875 0.153717041015625 0.151885986328125
5 0.3780517578125 0.777587890625 0.119842529296875 0.118377685546875
0 0.45458984375 0.603271484375 0.130645751953125 0.129730224609375
2 0.21142578125 0.39801025390625 0.139251708984375 0.1387939453125
3 0.2967529296875 0.53515625 0.102813720703125 0.102081298828125
2 0.1378173828125 0.588623046875 0.140533447265625 0.1402587890625
1 0.7138671875 0.4659423828125 0.165985107421875 0.16424560546875
1 0.597412109375 0.304443359375 0.166900634765625 0.163970947265625
0 0.594482421875 0.5750732421875 0.13018798828125 0.12945556640625
4 0.3740234375 0.29254150390625 0.154815673828125 0.151885986328125