5 0.3740234375 0.7794189453125 0.1201171875 0.11883544921875
5 0.517578125 0.7391357421875 0.11883544921875 0.11737060546875
3 0.2392578125 0.723388671875 0.107208251953125 0.10638427734375
4 0.430419921875 0.44598388671875 0.154815673828125 0.15289306640625
2 0.1839599609375 0.4066162109375 0.137603759765625 0.139068603515625
4 0.341796875 0.29034423828125 0.15509033203125 0.15216064453125
0 0.44140625 0.5992431640625 0.131378173828125 0.129730224609375
1 0.69482421875 0.44708251953125 0.167999267578125 0.164520263671875
1 0.5673828125 0.28997802734375 0.169189453125 0.164886474609375
2 0.1217041015625 0.60400390625 0.142730712890625 0.14154052734375
3 0.2784423828125 0.540283203125 0.103363037109375 0.102630615234375
0 0.58056640625 0.5633544921875 0.129913330078125 0.128997802734375