1 0.5615234375 0.2418212890625 0.17633056640625 0.17303466796875
0 0.645751953125 0.5120849609375 0.134857177734375 0.133209228515625
4 0.3348388671875 0.304443359375 0.16259765625 0.159210205078125
3 0.3524169921875 0.763671875 0.112518310546875 0.109954833984375
5 0.500732421875 0.781982421875 0.12359619140625 0.121856689453125
5 0.632568359375 0.7039794921875 0.123138427734375 0.119659423828125
0 0.519775390625 0.585693359375 0.136322021484375 0.13348388671875
1 0.729248046875 0.36541748046875 0.173675537109375 0.16973876953125
4 0.467041015625 0.43536376953125 0.1600341796875 0.15838623046875
3 0.3406982421875 0.5706787109375 0.107940673828125 0.10565185546875
2 0.209228515625 0.4630126953125 0.145294189453125 0.14501953125
2 0.200439453125 0.675048828125 0.1461181640625 0.14300537109375