3 0.4644775390625 0.8006591796875 0.1131591796875 0.11297607421875
0 0.70361328125 0.4765625 0.1417236328125 0.139984130859375
4 0.33740234375 0.3428955078125 0.167999267578125 0.165435791015625
4 0.502197265625 0.4432373046875 0.166259765625 0.16717529296875
1 0.552001953125 0.22314453125 0.183746337890625 0.182830810546875
5 0.620849609375 0.7860107421875 0.127166748046875 0.127166748046875
1 0.751953125 0.3077392578125 0.181915283203125 0.178802490234375
0 0.59228515625 0.5809326171875 0.1402587890625 0.139984130859375
5 0.734375 0.67431640625 0.127166748046875 0.12469482421875
2 0.250244140625 0.5318603515625 0.148956298828125 0.1505126953125
3 0.4066162109375 0.6094970703125 0.110504150390625 0.11114501953125
2 0.2930908203125 0.749755859375 0.15216064453125 0.151336669921875