4 0.51318359375 0.4813232421875 0.15234375 0.149505615234375
1 0.705810546875 0.4124755859375 0.16571044921875 0.162872314453125
1 0.740966796875 0.6072998046875 0.164520263671875 0.164886474609375
4 0.510986328125 0.305908203125 0.15234375 0.148956298828125
0 0.588623046875 0.653076171875 0.13018798828125 0.128814697265625
3 0.3388671875 0.4908447265625 0.102996826171875 0.102447509765625
0 0.4505615234375 0.61865234375 0.12744140625 0.127166748046875
2 0.3231201171875 0.3319091796875 0.1380615234375 0.1373291015625
2 0.1748046875 0.4703369140625 0.1365966796875 0.137054443359375
5 0.306640625 0.740966796875 0.11773681640625 0.115447998046875
5 0.4483642578125 0.7757568359375 0.114990234375 0.115814208984375
3 0.2176513671875 0.6270751953125 0.10491943359375 0.103546142578125