5 0.41064453125 0.779052734375 0.120574951171875 0.119476318359375
5 0.552001953125 0.7296142578125 0.119842529296875 0.11773681640625
3 0.271484375 0.7332763671875 0.10894775390625 0.1065673828125
4 0.443603515625 0.44012451171875 0.154815673828125 0.15399169921875
1 0.707275390625 0.42327880859375 0.167724609375 0.165985107421875
2 0.1923828125 0.41851806640625 0.1395263671875 0.1402587890625
0 0.465576171875 0.5941162109375 0.1318359375 0.13092041015625
1 0.5703125 0.2733154296875 0.16973876953125 0.166259765625
2 0.144775390625 0.6204833984375 0.144012451171875 0.14227294921875
4 0.3428955078125 0.2908935546875 0.15618896484375 0.1534423828125
3 0.2982177734375 0.5457763671875 0.10528564453125 0.102813720703125
0 0.601806640625 0.5472412109375 0.129730224609375 0.129913330078125