5 0.4227294921875 0.781982421875 0.12139892578125 0.1201171875
5 0.563720703125 0.728515625 0.120941162109375 0.11883544921875
3 0.28173828125 0.7384033203125 0.109588623046875 0.107574462890625
4 0.44873046875 0.4403076171875 0.157012939453125 0.154541015625
1 0.71533203125 0.41668701171875 0.17010498046875 0.16717529296875
0 0.4736328125 0.59375 0.131561279296875 0.131103515625
1 0.572509765625 0.27203369140625 0.170654296875 0.167999267578125
4 0.3450927734375 0.292724609375 0.158111572265625 0.154815673828125
2 0.196044921875 0.42364501953125 0.1402587890625 0.1402587890625
3 0.3048095703125 0.550537109375 0.10565185546875 0.103363037109375
2 0.152099609375 0.6278076171875 0.14300537109375 0.142730712890625
0 0.609130859375 0.5450439453125 0.130645751953125 0.13018798828125