0 0.6435546875 0.515380859375 0.134857177734375 0.133209228515625
4 0.333740234375 0.3048095703125 0.16259765625 0.15838623046875
5 0.62890625 0.705810546875 0.122314453125 0.119659423828125
1 0.56005859375 0.244384765625 0.1754150390625 0.17303466796875
5 0.496337890625 0.783447265625 0.12451171875 0.122039794921875
3 0.3472900390625 0.7647705078125 0.111968994140625 0.10931396484375
4 0.464111328125 0.43609619140625 0.1600341796875 0.158660888671875
1 0.72705078125 0.3692626953125 0.173675537109375 0.169464111328125
0 0.516845703125 0.587890625 0.135589599609375 0.133941650390625
3 0.3377685546875 0.5714111328125 0.107574462890625 0.10546875
2 0.197509765625 0.6746826171875 0.147125244140625 0.1435546875
2 0.2073974609375 0.4630126953125 0.14556884765625 0.14483642578125