5 0.51318359375 0.74755859375 0.1175537109375 0.115814208984375
3 0.238525390625 0.7113037109375 0.106842041015625 0.104095458984375
5 0.367431640625 0.77685546875 0.1190185546875 0.117919921875
4 0.447265625 0.45147705078125 0.153167724609375 0.15234375
2 0.2081298828125 0.39471435546875 0.137786865234375 0.138336181640625
3 0.2916259765625 0.53369140625 0.103912353515625 0.102264404296875
0 0.446533203125 0.6036376953125 0.12945556640625 0.12945556640625
1 0.708740234375 0.471435546875 0.167449951171875 0.164886474609375
2 0.1312255859375 0.584228515625 0.1409912109375 0.14080810546875
1 0.593017578125 0.307373046875 0.166259765625 0.16259765625
4 0.3721923828125 0.292724609375 0.153717041015625 0.151336669921875
0 0.58642578125 0.578369140625 0.13037109375 0.1292724609375