5 0.515380859375 0.742431640625 0.11883544921875 0.117095947265625
3 0.2366943359375 0.7296142578125 0.107574462890625 0.106201171875
5 0.373291015625 0.7841796875 0.12139892578125 0.1190185546875
4 0.42529296875 0.4498291015625 0.1556396484375 0.153717041015625
0 0.4366455078125 0.6029052734375 0.1318359375 0.13018798828125
1 0.688232421875 0.44708251953125 0.166259765625 0.165435791015625
2 0.177734375 0.4146728515625 0.1402587890625 0.139984130859375
1 0.559326171875 0.2908935546875 0.16864013671875 0.1651611328125
2 0.11767578125 0.6116943359375 0.141998291015625 0.14080810546875
3 0.2733154296875 0.5465087890625 0.104095458984375 0.102630615234375
0 0.575439453125 0.5655517578125 0.13018798828125 0.13037109375
4 0.33447265625 0.2960205078125 0.157562255859375 0.15289306640625