1 0.5556640625 0.26287841796875 0.176055908203125 0.172119140625
4 0.3260498046875 0.308837890625 0.160308837890625 0.157562255859375
5 0.4578857421875 0.79443359375 0.122314453125 0.1212158203125
3 0.3121337890625 0.7662353515625 0.11114501953125 0.10931396484375
5 0.594482421875 0.7252197265625 0.122314453125 0.12030029296875
1 0.71240234375 0.39471435546875 0.172760009765625 0.16973876953125
4 0.447998046875 0.44744873046875 0.16058349609375 0.15838623046875
0 0.4901123046875 0.5999755859375 0.13421630859375 0.133209228515625
3 0.3143310546875 0.5743408203125 0.107391357421875 0.1058349609375
2 0.1693115234375 0.66845703125 0.1468505859375 0.1435546875
0 0.623046875 0.53515625 0.135406494140625 0.13348388671875
2 0.19091796875 0.45751953125 0.1435546875 0.144287109375