5 0.519775390625 0.78564453125 0.123138427734375 0.1212158203125
0 0.65234375 0.5091552734375 0.1351318359375 0.133941650390625
4 0.330078125 0.3157958984375 0.161956787109375 0.158660888671875
3 0.368896484375 0.774658203125 0.11151123046875 0.109954833984375
1 0.553466796875 0.242095947265625 0.176971435546875 0.173675537109375
0 0.52783203125 0.588623046875 0.135589599609375 0.133209228515625
5 0.64794921875 0.7017822265625 0.123138427734375 0.120758056640625
1 0.728515625 0.357177734375 0.17486572265625 0.17156982421875
4 0.4688720703125 0.440673828125 0.16058349609375 0.160858154296875
3 0.348388671875 0.5823974609375 0.107940673828125 0.1065673828125
2 0.2117919921875 0.4798583984375 0.144012451171875 0.14501953125
2 0.2147216796875 0.6944580078125 0.147674560546875 0.144012451171875