4 0.550537109375 0.31414794921875 0.150787353515625 0.147857666015625
0 0.584228515625 0.664794921875 0.12835693359375 0.127899169921875
2 0.1993408203125 0.437744140625 0.1343994140625 0.135406494140625
0 0.453125 0.614990234375 0.124969482421875 0.12652587890625
1 0.74169921875 0.6387939453125 0.165435791015625 0.16424560546875
1 0.72998046875 0.44140625 0.165435791015625 0.161956787109375
2 0.3619384765625 0.31707763671875 0.136871337890625 0.135589599609375
5 0.2974853515625 0.7178955078125 0.114166259765625 0.1131591796875
5 0.4329833984375 0.7698974609375 0.11444091796875 0.11480712890625
3 0.22314453125 0.5966796875 0.103179931640625 0.101531982421875
4 0.530029296875 0.4871826171875 0.149505615234375 0.148406982421875
3 0.3575439453125 0.4754638671875 0.102447509765625 0.100982666015625