2 0.289794921875 0.25628662109375 0.16259765625 0.162872314453125
1 0.745361328125 0.32293701171875 0.19189453125 0.1885986328125
4 0.5263671875 0.41778564453125 0.17669677734375 0.17486572265625
1 0.803955078125 0.5501708984375 0.1915283203125 0.193359375
3 0.3216552734375 0.44195556640625 0.119476318359375 0.118377685546875
3 0.1898193359375 0.61279296875 0.121856689453125 0.121856689453125
0 0.464111328125 0.584228515625 0.150238037109375 0.14996337890625
5 0.304443359375 0.740234375 0.136871337890625 0.134857177734375
0 0.626708984375 0.6142578125 0.14923095703125 0.14923095703125
2 0.125732421875 0.4307861328125 0.165435791015625 0.163970947265625
4 0.510986328125 0.21234130859375 0.178802490234375 0.17724609375
5 0.474365234375 0.7691650390625 0.135406494140625 0.136322021484375