1 0.5908203125 0.237335205078125 0.1885986328125 0.186309814453125
0 0.654541015625 0.535888671875 0.14556884765625 0.1435546875
4 0.341064453125 0.28082275390625 0.17486572265625 0.171844482421875
3 0.3092041015625 0.776123046875 0.12030029296875 0.11773681640625
4 0.4681396484375 0.434814453125 0.1724853515625 0.17010498046875
5 0.4666748046875 0.8109130859375 0.131561279296875 0.130645751953125
5 0.6171875 0.740966796875 0.13201904296875 0.129913330078125
1 0.758544921875 0.38848876953125 0.186676025390625 0.18218994140625
0 0.5087890625 0.6021728515625 0.1468505859375 0.145294189453125
2 0.188720703125 0.4373779296875 0.15399169921875 0.155364990234375
3 0.3172607421875 0.5670166015625 0.115447998046875 0.11297607421875
2 0.1575927734375 0.6651611328125 0.160308837890625 0.156463623046875