4 0.3319091796875 0.30718994140625 0.16259765625 0.158111572265625
5 0.4798583984375 0.7882080078125 0.12139892578125 0.12030029296875
0 0.634033203125 0.5245361328125 0.13348388671875 0.13348388671875
5 0.613525390625 0.714599609375 0.121856689453125 0.1201171875
1 0.56005859375 0.25262451171875 0.176055908203125 0.172760009765625
3 0.3333740234375 0.7647705078125 0.110321044921875 0.1083984375
4 0.4571533203125 0.44140625 0.1600341796875 0.15838623046875
1 0.721923828125 0.38116455078125 0.17303466796875 0.170928955078125
3 0.327880859375 0.5728759765625 0.107025146484375 0.10528564453125
0 0.505859375 0.5941162109375 0.135589599609375 0.133209228515625
2 0.1861572265625 0.672119140625 0.145843505859375 0.14300537109375
2 0.2008056640625 0.46044921875 0.144012451171875 0.143829345703125