1 0.77978515625 0.40533447265625 0.19500732421875 0.19207763671875
4 0.5615234375 0.253265380859375 0.18218994140625 0.17852783203125
2 0.3355712890625 0.25848388671875 0.1651611328125 0.164520263671875
0 0.60986328125 0.67578125 0.15289306640625 0.153167724609375
4 0.5439453125 0.46044921875 0.179718017578125 0.178802490234375
2 0.1392822265625 0.4033203125 0.1651611328125 0.165435791015625
0 0.4505615234375 0.6171875 0.15234375 0.1534423828125
3 0.3333740234375 0.4490966796875 0.121856689453125 0.120941162109375
5 0.2623291015625 0.7449951171875 0.138336181640625 0.138336181640625
1 0.7958984375 0.644287109375 0.19683837890625 0.1973876953125
3 0.1700439453125 0.5977783203125 0.123779296875 0.122955322265625
5 0.4285888671875 0.8043212890625 0.138336181640625 0.139068603515625