3 0.247314453125 0.72412109375 0.119842529296875 0.11773681640625
1 0.588623046875 0.215179443359375 0.1878662109375 0.18603515625
4 0.33447265625 0.23101806640625 0.1754150390625 0.1739501953125
0 0.62158203125 0.52197265625 0.14630126953125 0.145294189453125
5 0.4029541015625 0.777587890625 0.1336669921875 0.13275146484375
5 0.5615234375 0.72412109375 0.132476806640625 0.13037109375
1 0.73876953125 0.3853759765625 0.185028076171875 0.18475341796875
4 0.445068359375 0.399658203125 0.17303466796875 0.17156982421875
2 0.1641845703125 0.37109375 0.15728759765625 0.157012939453125
0 0.4666748046875 0.5714111328125 0.14630126953125 0.144561767578125
2 0.10687255859375 0.5963134765625 0.160308837890625 0.159210205078125
3 0.2791748046875 0.51611328125 0.116455078125 0.11480712890625