3 0.4593505859375 0.8013916015625 0.113616943359375 0.1131591796875
0 0.69921875 0.4776611328125 0.14227294921875 0.1395263671875
4 0.3330078125 0.3428955078125 0.167724609375 0.16571044921875
5 0.6142578125 0.7867431640625 0.127166748046875 0.126068115234375
1 0.549072265625 0.22296142578125 0.18438720703125 0.1834716796875
4 0.497802734375 0.4432373046875 0.16717529296875 0.167449951171875
1 0.748291015625 0.30810546875 0.182830810546875 0.178802490234375
0 0.587158203125 0.582763671875 0.1409912109375 0.139801025390625
5 0.730712890625 0.67431640625 0.1285400390625 0.1256103515625
3 0.4029541015625 0.610595703125 0.11151123046875 0.111785888671875
2 0.245849609375 0.5311279296875 0.148956298828125 0.150787353515625
2 0.289794921875 0.749755859375 0.153717041015625 0.151885986328125