5 0.4864501953125 0.75048828125 0.116912841796875 0.1160888671875
3 0.218017578125 0.69189453125 0.10546875 0.104736328125
5 0.34033203125 0.7684326171875 0.11883544921875 0.117919921875
2 0.12335205078125 0.557861328125 0.139984130859375 0.1402587890625
2 0.2125244140625 0.37713623046875 0.137786865234375 0.138336181640625
4 0.44580078125 0.45147705078125 0.15216064453125 0.151885986328125
3 0.2843017578125 0.5205078125 0.102264404296875 0.102081298828125
0 0.433349609375 0.601806640625 0.129730224609375 0.1285400390625
1 0.603271484375 0.32073974609375 0.166259765625 0.161407470703125
1 0.702880859375 0.4908447265625 0.165435791015625 0.16314697265625
0 0.57470703125 0.587890625 0.1292724609375 0.128997802734375
4 0.38427734375 0.28778076171875 0.1534423828125 0.1505126953125