3 0.2850341796875 0.7431640625 0.10894775390625 0.107391357421875
1 0.5703125 0.27093505859375 0.170654296875 0.167999267578125
4 0.342529296875 0.29473876953125 0.15728759765625 0.154541015625
0 0.612060546875 0.5457763671875 0.13018798828125 0.13092041015625
5 0.568115234375 0.72998046875 0.120574951171875 0.11883544921875
5 0.4267578125 0.7852783203125 0.121856689453125 0.120574951171875
4 0.44873046875 0.44232177734375 0.158111572265625 0.154815673828125
1 0.71533203125 0.41595458984375 0.170654296875 0.16717529296875
2 0.153564453125 0.6336669921875 0.143829345703125 0.141998291015625
0 0.474365234375 0.595947265625 0.13201904296875 0.131378173828125
2 0.1956787109375 0.42840576171875 0.1417236328125 0.14154052734375
3 0.30517578125 0.5538330078125 0.106201171875 0.104095458984375