5 0.689697265625 0.680908203125 0.1256103515625 0.12249755859375
0 0.66845703125 0.4857177734375 0.138519287109375 0.135406494140625
5 0.5732421875 0.7860107421875 0.124053955078125 0.123138427734375
4 0.3135986328125 0.33905029296875 0.164886474609375 0.161956787109375
3 0.4190673828125 0.795166015625 0.1109619140625 0.110137939453125
1 0.529296875 0.230743408203125 0.179443359375 0.1790771484375
3 0.371826171875 0.604736328125 0.107757568359375 0.107391357421875
0 0.55419921875 0.5853271484375 0.137054443359375 0.136322021484375
1 0.72265625 0.32183837890625 0.1776123046875 0.174224853515625
4 0.470703125 0.44525146484375 0.162872314453125 0.1636962890625
2 0.21875 0.5205078125 0.145843505859375 0.148406982421875
2 0.253173828125 0.736572265625 0.14996337890625 0.14813232421875