1 0.786376953125 0.4033203125 0.19482421875 0.19244384765625
4 0.56884765625 0.25482177734375 0.1812744140625 0.178802490234375
0 0.4619140625 0.617919921875 0.151611328125 0.1534423828125
4 0.552001953125 0.4615478515625 0.179718017578125 0.17852783203125
5 0.275146484375 0.7490234375 0.1380615234375 0.138336181640625
1 0.806884765625 0.6402587890625 0.19573974609375 0.19647216796875
2 0.147705078125 0.4091796875 0.16424560546875 0.1651611328125
0 0.62158203125 0.6754150390625 0.153717041015625 0.15289306640625
5 0.4410400390625 0.80615234375 0.138336181640625 0.139068603515625
2 0.342529296875 0.262237548828125 0.163970947265625 0.163970947265625
3 0.34326171875 0.4520263671875 0.122314453125 0.1201171875
3 0.1824951171875 0.6021728515625 0.123779296875 0.122955322265625