2 0.2572021484375 0.5252685546875 0.148956298828125 0.149505615234375
4 0.5087890625 0.4384765625 0.16424560546875 0.166259765625
5 0.626708984375 0.77978515625 0.12744140625 0.12579345703125
3 0.4703369140625 0.7958984375 0.11334228515625 0.11279296875
0 0.597412109375 0.576171875 0.1387939453125 0.1387939453125
3 0.414306640625 0.6051025390625 0.110504150390625 0.110504150390625
1 0.758544921875 0.30279541015625 0.181915283203125 0.17816162109375
2 0.3004150390625 0.743896484375 0.15216064453125 0.150787353515625
4 0.343994140625 0.33831787109375 0.166259765625 0.16424560546875
1 0.559326171875 0.2198486328125 0.183746337890625 0.182830810546875
0 0.70947265625 0.4718017578125 0.1409912109375 0.138519287109375
5 0.740966796875 0.669189453125 0.128082275390625 0.125152587890625