1 0.57177734375 0.2733154296875 0.168914794921875 0.166534423828125
4 0.3443603515625 0.28997802734375 0.156463623046875 0.15399169921875
5 0.41357421875 0.7786865234375 0.1212158203125 0.119842529296875
0 0.60400390625 0.5457763671875 0.13037109375 0.129913330078125
5 0.55419921875 0.7288818359375 0.11883544921875 0.117919921875
4 0.445068359375 0.43975830078125 0.1556396484375 0.154541015625
2 0.1473388671875 0.6204833984375 0.144012451171875 0.142730712890625
1 0.710205078125 0.4208984375 0.167724609375 0.165435791015625
3 0.2747802734375 0.733642578125 0.10858154296875 0.1065673828125
2 0.1942138671875 0.41888427734375 0.139984130859375 0.1402587890625
0 0.467041015625 0.5933837890625 0.13092041015625 0.13092041015625
3 0.300048828125 0.5457763671875 0.1051025390625 0.102630615234375