2 0.1363525390625 0.4227294921875 0.1636962890625 0.16424560546875
4 0.538818359375 0.44854736328125 0.17669677734375 0.176055908203125
2 0.318359375 0.26416015625 0.162872314453125 0.163421630859375
4 0.54248046875 0.24237060546875 0.1790771484375 0.176971435546875
5 0.2835693359375 0.7515869140625 0.1365966796875 0.136871337890625
0 0.62158203125 0.656005859375 0.15234375 0.151611328125
3 0.3304443359375 0.45257568359375 0.12030029296875 0.119476318359375
3 0.181396484375 0.612060546875 0.122039794921875 0.1226806640625
5 0.4520263671875 0.79736328125 0.135589599609375 0.137786865234375
0 0.4600830078125 0.609130859375 0.149688720703125 0.15106201171875
1 0.767333984375 0.37567138671875 0.19244384765625 0.18951416015625
1 0.80322265625 0.609130859375 0.191162109375 0.19317626953125