4 0.5439453125 0.4827880859375 0.17852783203125 0.17724609375
1 0.780517578125 0.4417724609375 0.1937255859375 0.1907958984375
4 0.573974609375 0.27972412109375 0.1776123046875 0.176055908203125
0 0.4447021484375 0.6329345703125 0.150787353515625 0.151885986328125
0 0.597412109375 0.7003173828125 0.151611328125 0.151336669921875
5 0.250244140625 0.7490234375 0.136871337890625 0.1373291015625
5 0.411376953125 0.81787109375 0.137054443359375 0.138519287109375
1 0.784912109375 0.6776123046875 0.19500732421875 0.19573974609375
2 0.1480712890625 0.4051513671875 0.16314697265625 0.16424560546875
3 0.3370361328125 0.46044921875 0.120758056640625 0.118560791015625
3 0.1678466796875 0.598876953125 0.12359619140625 0.121856689453125
2 0.3509521484375 0.272216796875 0.162322998046875 0.161956787109375