4 0.330810546875 0.29345703125 0.170928955078125 0.16864013671875
5 0.647216796875 0.7142333984375 0.129913330078125 0.126708984375
0 0.661865234375 0.51171875 0.142730712890625 0.1409912109375
5 0.509521484375 0.7991943359375 0.131103515625 0.1285400390625
3 0.3509521484375 0.7801513671875 0.117095947265625 0.115447998046875
1 0.569580078125 0.226531982421875 0.185394287109375 0.183197021484375
1 0.7490234375 0.35662841796875 0.18475341796875 0.18035888671875
4 0.4710693359375 0.4326171875 0.17010498046875 0.169464111328125
0 0.5263671875 0.590087890625 0.143280029296875 0.1402587890625
2 0.19091796875 0.6878662109375 0.15509033203125 0.15216064453125
2 0.1982421875 0.4615478515625 0.15289306640625 0.1534423828125
3 0.3377685546875 0.576171875 0.113616943359375 0.112518310546875