3 0.175537109375 0.70361328125 0.12030029296875 0.118560791015625
5 0.4864501953125 0.754150390625 0.132476806640625 0.1318359375
5 0.320556640625 0.7823486328125 0.134674072265625 0.133941650390625
1 0.594482421875 0.254180908203125 0.18731689453125 0.1856689453125
4 0.3414306640625 0.2286376953125 0.17578125 0.174224853515625
2 0.1495361328125 0.3388671875 0.15838623046875 0.15728759765625
0 0.57763671875 0.562255859375 0.14813232421875 0.14630126953125
4 0.423095703125 0.41302490234375 0.172760009765625 0.171844482421875
1 0.718994140625 0.44525146484375 0.18695068359375 0.185028076171875
2 0.06796875 0.55390625 0.1359375 0.1609375
0 0.41796875 0.5867919921875 0.14923095703125 0.146575927734375
3 0.2403564453125 0.50146484375 0.116912841796875 0.115631103515625