1 0.59228515625 0.2125244140625 0.18951416015625 0.18731689453125
4 0.338134765625 0.231842041015625 0.17669677734375 0.17486572265625
5 0.4139404296875 0.777587890625 0.133209228515625 0.132476806640625
3 0.25830078125 0.7255859375 0.119476318359375 0.117919921875
0 0.628173828125 0.518310546875 0.145294189453125 0.145843505859375
5 0.57177734375 0.7200927734375 0.133026123046875 0.13037109375
4 0.4512939453125 0.39874267578125 0.174224853515625 0.17156982421875
0 0.47509765625 0.5703125 0.1468505859375 0.14483642578125
2 0.1693115234375 0.374755859375 0.157562255859375 0.157562255859375
2 0.11566162109375 0.600341796875 0.16058349609375 0.15838623046875
1 0.746826171875 0.3795166015625 0.18914794921875 0.18475341796875
3 0.2864990234375 0.516845703125 0.116729736328125 0.114990234375