5 0.4794921875 0.7552490234375 0.11627197265625 0.115631103515625
3 0.21142578125 0.6922607421875 0.1058349609375 0.10491943359375
5 0.3326416015625 0.770263671875 0.11737060546875 0.1175537109375
2 0.11895751953125 0.556396484375 0.139984130859375 0.140533447265625
2 0.21142578125 0.37713623046875 0.138336181640625 0.1380615234375
0 0.4293212890625 0.606201171875 0.13092041015625 0.1285400390625
1 0.603271484375 0.32659912109375 0.16571044921875 0.1611328125
3 0.2806396484375 0.5216064453125 0.102996826171875 0.101531982421875
1 0.699951171875 0.4989013671875 0.165435791015625 0.1636962890625
4 0.4432373046875 0.4549560546875 0.1505126953125 0.150238037109375
0 0.569580078125 0.59375 0.12945556640625 0.128814697265625
4 0.3846435546875 0.28997802734375 0.153717041015625 0.1505126953125