1 0.60400390625 0.31817626953125 0.165435791015625 0.160858154296875
4 0.3846435546875 0.2916259765625 0.15399169921875 0.1505126953125
5 0.3568115234375 0.773193359375 0.1190185546875 0.1175537109375
2 0.13232421875 0.571044921875 0.1402587890625 0.1395263671875
5 0.5029296875 0.7508544921875 0.1175537109375 0.115447998046875
4 0.4527587890625 0.4534912109375 0.1534423828125 0.15234375
3 0.2930908203125 0.5281982421875 0.102813720703125 0.101165771484375
0 0.584228515625 0.585693359375 0.129913330078125 0.1285400390625
2 0.2176513671875 0.38702392578125 0.136138916015625 0.1380615234375
0 0.4443359375 0.604736328125 0.1292724609375 0.1292724609375
1 0.708740234375 0.4849853515625 0.164520263671875 0.162872314453125
3 0.2322998046875 0.7017822265625 0.1051025390625 0.103729248046875