0 0.626708984375 0.599609375 0.149505615234375 0.148956298828125
1 0.79296875 0.5186767578125 0.18951416015625 0.19024658203125
1 0.716064453125 0.30023193359375 0.19189453125 0.1885986328125
4 0.509521484375 0.41595458984375 0.17724609375 0.1754150390625
3 0.196044921875 0.640625 0.120941162109375 0.119476318359375
0 0.4630126953125 0.585693359375 0.148956298828125 0.14813232421875
3 0.30810546875 0.458251953125 0.11883544921875 0.116912841796875
5 0.3209228515625 0.7552490234375 0.136138916015625 0.134674072265625
4 0.4732666015625 0.2139892578125 0.177886962890625 0.17669677734375
2 0.259765625 0.278076171875 0.1611328125 0.160858154296875
2 0.11492919921875 0.46630859375 0.162322998046875 0.161407470703125
5 0.4915771484375 0.767333984375 0.134674072265625 0.13421630859375