5 0.636962890625 0.6893310546875 0.122314453125 0.120574951171875
0 0.63330078125 0.49560546875 0.135406494140625 0.13421630859375
3 0.3604736328125 0.776123046875 0.11114501953125 0.110321044921875
0 0.51318359375 0.5816650390625 0.136871337890625 0.135406494140625
5 0.512451171875 0.78125 0.123138427734375 0.12249755859375
4 0.4443359375 0.43572998046875 0.1611328125 0.161956787109375
3 0.3319091796875 0.584228515625 0.109130859375 0.107757568359375
4 0.301513671875 0.31597900390625 0.16259765625 0.160858154296875
2 0.1898193359375 0.48681640625 0.144561767578125 0.1461181640625
2 0.20263671875 0.7017822265625 0.147857666015625 0.145294189453125
1 0.5234375 0.231292724609375 0.1790771484375 0.17724609375
1 0.702880859375 0.34014892578125 0.176055908203125 0.17156982421875