3 0.1846923828125 0.711669921875 0.12030029296875 0.11773681640625
5 0.3355712890625 0.78125 0.135406494140625 0.13348388671875
1 0.575439453125 0.239532470703125 0.18914794921875 0.18695068359375
4 0.322021484375 0.229461669921875 0.17724609375 0.17486572265625
5 0.4989013671875 0.7413330078125 0.132476806640625 0.130645751953125
0 0.5791015625 0.546875 0.14813232421875 0.1461181640625
4 0.4139404296875 0.40771484375 0.172760009765625 0.172760009765625
0 0.41943359375 0.5816650390625 0.148681640625 0.147125244140625
1 0.7109375 0.42236328125 0.186676025390625 0.186309814453125
3 0.2374267578125 0.50732421875 0.116729736328125 0.115447998046875
2 0.1370849609375 0.35150146484375 0.158660888671875 0.15728759765625
2 0.06875 0.57109375 0.1375 0.1609375