5 0.723388671875 0.6768798828125 0.127899169921875 0.124969482421875
3 0.450927734375 0.8035888671875 0.113616943359375 0.11334228515625
0 0.694091796875 0.4798583984375 0.141998291015625 0.139251708984375
5 0.6083984375 0.7889404296875 0.126983642578125 0.126251220703125
1 0.5439453125 0.226531982421875 0.1856689453125 0.18475341796875
1 0.7431640625 0.3099365234375 0.182830810546875 0.180633544921875
0 0.581298828125 0.584228515625 0.1417236328125 0.139984130859375
4 0.327880859375 0.34271240234375 0.167724609375 0.165435791015625
4 0.4915771484375 0.4454345703125 0.166534423828125 0.166900634765625
2 0.23779296875 0.5325927734375 0.148956298828125 0.15106201171875
3 0.39599609375 0.6116943359375 0.11151123046875 0.11114501953125
2 0.2806396484375 0.7501220703125 0.15289306640625 0.15234375