4 0.3348388671875 0.31011962890625 0.159210205078125 0.15618896484375
1 0.562255859375 0.2733154296875 0.17156982421875 0.16864013671875
3 0.29931640625 0.7618408203125 0.109771728515625 0.107940673828125
0 0.617919921875 0.5472412109375 0.132293701171875 0.13092041015625
5 0.582763671875 0.7332763671875 0.12139892578125 0.119476318359375
5 0.4439697265625 0.7962646484375 0.120941162109375 0.12030029296875
4 0.447998046875 0.45166015625 0.157012939453125 0.1556396484375
1 0.7138671875 0.4124755859375 0.170654296875 0.167724609375
3 0.31103515625 0.571044921875 0.10565185546875 0.104095458984375
2 0.1619873046875 0.658203125 0.144287109375 0.143280029296875
0 0.483154296875 0.60400390625 0.133026123046875 0.131378173828125
2 0.194580078125 0.45037841796875 0.143280029296875 0.143280029296875