5 0.519775390625 0.78564453125 0.1226806640625 0.12139892578125
0 0.65087890625 0.5069580078125 0.134674072265625 0.13348388671875
1 0.550537109375 0.240447998046875 0.17578125 0.174224853515625
3 0.36962890625 0.7750244140625 0.11114501953125 0.109588623046875
4 0.3267822265625 0.31597900390625 0.161407470703125 0.15948486328125
0 0.527099609375 0.5875244140625 0.1358642578125 0.133026123046875
5 0.64794921875 0.6995849609375 0.123138427734375 0.120941162109375
1 0.726318359375 0.35443115234375 0.174224853515625 0.17156982421875
4 0.4666748046875 0.43975830078125 0.1600341796875 0.159759521484375
3 0.34765625 0.582763671875 0.1083984375 0.106842041015625
2 0.2110595703125 0.4813232421875 0.14483642578125 0.145294189453125
2 0.2154541015625 0.695556640625 0.14813232421875 0.144287109375