0 0.409912109375 0.565185546875 0.12579345703125 0.1256103515625
1 0.6962890625 0.41265869140625 0.1636962890625 0.16168212890625
0 0.53662109375 0.62451171875 0.12945556640625 0.12835693359375
2 0.3406982421875 0.26287841796875 0.1358642578125 0.1358642578125
1 0.693359375 0.609130859375 0.164520263671875 0.16259765625
4 0.4974365234375 0.443603515625 0.148681640625 0.148956298828125
5 0.379150390625 0.7171630859375 0.115264892578125 0.11334228515625
5 0.2469482421875 0.6552734375 0.113983154296875 0.112518310546875
4 0.527099609375 0.27276611328125 0.149505615234375 0.147125244140625
2 0.1693115234375 0.3692626953125 0.135406494140625 0.135406494140625
3 0.3253173828125 0.420166015625 0.101898193359375 0.100616455078125
3 0.18264646530151368 0.5259130477905274 0.103363037109375 0.100616455078125