0 0.58349609375 0.654541015625 0.129913330078125 0.128997802734375
1 0.708740234375 0.41778564453125 0.166900634765625 0.162322998046875
4 0.513916015625 0.4813232421875 0.151336669921875 0.14996337890625
1 0.738037109375 0.6138916015625 0.164520263671875 0.16424560546875
4 0.516845703125 0.307373046875 0.15289306640625 0.148406982421875
3 0.3399658203125 0.4864501953125 0.103363037109375 0.101531982421875
2 0.1766357421875 0.4619140625 0.136871337890625 0.136871337890625
2 0.3282470703125 0.32733154296875 0.1380615234375 0.136138916015625
0 0.4483642578125 0.6175537109375 0.12744140625 0.12744140625
5 0.4425048828125 0.773193359375 0.114166259765625 0.114990234375
3 0.2158203125 0.6201171875 0.10491943359375 0.102813720703125
5 0.3011474609375 0.736572265625 0.11627197265625 0.1146240234375